4029.02587891	7.45798492432
4029.95263672	7.28898000717
4030.88208008	6.14156532288
4031.80932617	4.88902330399
4032.73901367	4.49093437195
4033.66674805	4.62728595734
4034.59472656	4.32332277298
4035.52514648	4.56044340134
4036.45336914	5.88708925247
4037.38427734	7.04956054688
4038.31298828	7.76394701004
4039.24414062	8.17073440552
4040.17358398	8.13001441956
4041.10302734	7.57453155518
4042.03466797	7.36191797256
4042.96459961	7.30633878708
4043.89697266	7.02423667908
4044.82714844	6.26735639572
4045.76000977	5.10681867599
4046.69067383	4.18697690964
4047.62158203	4.27903556824
4048.55493164	5.5298576355
4049.48632812	6.58475589752
4050.42016602	7.07960987091
4051.35205078	7.7987112999
4052.28613281	7.67653846741
4053.21850586	7.7472653389
4054.15087891	7.47619342804
4055.08569336	7.26849842072
4056.01855469	7.25575876236
4056.95385742	6.9282913208
4057.88720703	6.83809661865
4058.82299805	6.51400899887
4059.7565918	6.50653028488
4060.69067383	6.98229217529
4061.62695312	7.37630796432
4062.5612793	6.94196844101
4063.49829102	5.96436595917
4064.43310547	4.81025981903
4065.37011719	4.71524810791
4066.30541992	5.72269535065
4067.2409668	6.57331466675
4068.17871094	6.36278533936
4069.11474609	7.02891492844
4070.05297852	7.33204698563
4070.98925781	7.16519784927
4071.92797852	6.14540576935
4072.86474609	5.05786180496
4073.80175781	5.61843299866
4074.74121094	6.91203546524
4075.67871094	7.36883497238
4076.6184082	7.08912658691
4077.55615234	6.41809749603
4078.49658203	5.82878303528
4079.43481445	5.88088464737
4080.37329102	6.59609222412
4081.31420898	7.74641180038
4082.25317383	8.38708877563
4083.19433594	8.27561187744
4084.13378906	7.88956022263
4085.07568359	7.78181886673
4086.01538086	7.69613218307
4086.95532227	7.98640966415
4087.89770508	8.87656497955
4088.83813477	9.57066822052
4089.78100586	9.63859939575
4090.72192383	9.5209608078
4091.6652832	9.20125865936
4092.60644531	8.75121593475
4093.5480957	8.34073257446
4094.49194336	8.63761425018
4095.43383789	8.9666519165
4096.37841797	7.79417848587
4097.32080078	6.80788135529
4098.265625	7.0916724205
4099.20849609	7.32577753067
4100.15136719	7.30710506439
4101.09667969	7.14174413681
4102.04003906	6.60384702682
4102.98632812	6.37137174606
4103.93017578	7.03340530396
4104.87646484	7.48874187469
4105.82080078	7.70490789413
4106.76757812	8.08296585083
4107.71240234	8.46410083771
4108.65722656	8.25004577637
4109.60449219	7.86041545868
4110.55029297	7.72376728058
4111.49804688	7.41661500931
4112.44384766	7.06123209
4113.39208984	7.47831392288
4114.33837891	7.95096302032
4115.28515625	8.03041744232
4116.23388672	7.99363136292
4117.18066406	8.03095149994
4118.13037109	8.03806209564
4119.07763672	7.78216314316
4120.02734375	7.38476276398
4120.97509766	7.48716020584
4121.92333984	7.83655738831
4122.87402344	7.84638357162
4123.82226562	7.6475315094
4124.7734375	8.07455062866
4125.72216797	8.89776229858
4126.67333984	8.75012779236
4127.62304688	8.23704051971
4128.57226562	7.85941410065
4129.52441406	7.59075737
4130.47460938	7.30427265167
4131.42675781	7.28388357162
4132.37744141	6.75323390961
4133.33007812	6.04656219482
4134.28125	5.84560775757
4135.23242188	6.36708545685
4136.18554688	7.26400709152
4137.13720703	8.26470470428
4138.09130859	8.13877296448
4139.04345703	8.28290748596
4139.99755859	8.60117721558
4140.95019531	8.5988445282
4141.90283203	8.32936191559
4142.85791016	7.00568437576
4143.81103516	5.35887813568
4144.76660156	4.47654438019
4145.72021484	5.09296369553
4146.67578125	6.51986312866
4147.62988281	7.171833992
4148.58398438	7.58172607422
4149.54052734	7.70729064941
4150.49511719	7.69602251053
4151.45263672	7.62315797806
4152.40722656	7.57657003403
4153.36474609	7.62945508957
4154.3203125	7.52073860168
4155.27636719	7.33165073395
4156.234375	7.38926029205
4157.19042969	7.59800958633
4158.14892578	7.71191835403
4159.10546875	7.79133462906
4160.06494141	8.27453613281
4161.02197266	8.36619186401
4161.97900391	8.44014549255
4162.93896484	8.96784210205
4163.89648438	9.5101442337
4164.85644531	9.08590888977
4165.81494141	8.37622737885
4166.77539062	7.87876462936
4167.73388672	7.67617273331
4168.69287109	7.60135126114
4169.65380859	7.62496328354
4170.61328125	7.82744836807
4171.57519531	7.7648730278
4172.53466797	7.31123304367
4173.49707031	6.4313750267
4174.45703125	6.06366586685
4175.41748047	6.6074924469
4176.37988281	7.15154933929
4177.34082031	7.24084806442
4178.30419922	7.5351934433
4179.265625	7.82811546326
4180.22900391	8.25599193573
4181.19091797	8.57349586487
4182.15478516	8.08085155487
4183.1171875	7.5968837738
4184.07958984	7.68694543839
4185.04394531	8.04862880707
4186.00683594	8.41258239746
4186.97216797	8.33097457886
4187.93554688	7.33996200562
4188.90136719	6.41331291199
4189.86474609	7.28141593933
4190.82861328	8.06362915039
4191.79492188	7.84174823761
4192.75927734	7.54172372818
4193.72607422	8.39184856415
4194.69091797	8.95275306702
4195.65820312	8.53093242645
4196.62353516	7.75759458542
4197.58886719	7.27856397629
4198.55664062	7.00683736801
4199.52294922	6.46884536743
4200.49121094	6.3770904541
4201.45751953	6.53060674667
4202.42626953	6.48638439178
4203.39306641	6.37163686752
4204.35986328	6.70795345306
4205.32958984	7.69272327423
4206.296875	8.2976770401
4207.26708984	8.50438308716
4208.23486328	8.83020019531
4209.20507812	8.92605876923
4210.17382812	8.5306634903
4211.14208984	8.26619529724
4212.11328125	8.62077999115
4213.08203125	8.76390838623
4214.05371094	8.98016262054
4215.02294922	8.71349334717
4215.99511719	7.69341897964
4216.96484375	6.88197135925
4217.93505859	6.93822050095
4218.90771484	7.69286298752
4219.87841797	7.90740013123
4220.8515625	7.82167053223
4221.82226562	7.72831583023
4222.79589844	6.98120927811
4223.76757812	6.01327562332
4224.73925781	5.08905410767
4225.71337891	4.11761236191
4226.68554688	3.17891693115
4227.66015625	2.62886810303
4228.6328125	2.86074924469
4229.60791016	3.69338178635
4230.58056641	4.67355585098
4231.55419922	5.52868509293
4232.52978516	6.17005491257
4233.50341797	6.37495088577
4234.47998047	6.07217693329
4235.45410156	6.41381311417
4236.43066406	6.66216421127
4237.40527344	6.65777826309
4238.37988281	7.05925798416
4239.35742188	7.8039226532
4240.33251953	7.81000423431
4241.31054688	7.67857694626
4242.28613281	7.75244665146
4243.26416016	8.09939956665
4244.24072266	8.6557226181
4245.21679688	9.24675369263
4246.19580078	9.5232219696
4247.17285156	9.05707168579
4248.15185547	8.40825080872
4249.12939453	7.98836612701
4250.109375	7.51629447937
4251.08691406	6.68072271347
4252.06494141	5.96061658859
4253.04541016	6.49041843414
4254.02392578	6.52803039551
4255.00488281	5.5984711647
4255.98339844	5.07755661011
4256.96484375	6.12944078445
4257.94433594	7.88426494598
4258.92626953	8.11026763916
4259.90576172	7.58521509171
4260.88574219	6.62741184235
4261.86865234	6.22155237198
4262.84912109	6.9867515564
4263.83203125	8.12055683136
4264.81298828	8.58048057556
4265.79638672	9.18694210052
4266.77783203	9.33053970337
4267.75927734	9.18065261841
4268.74316406	9.0884847641
4269.72558594	8.74559593201
4270.70996094	8.11518859863
4271.69238281	6.62508487701
4272.67724609	5.24135637283
4273.66015625	5.01259326935
4274.64355469	5.50342035294
4275.62939453	5.20386695862
4276.61279297	5.41564226151
4277.59912109	6.87211847305
4278.58300781	8.45020198822
4279.56982422	9.24875354767
4280.55419922	9.10780620575
4281.5390625	8.53554916382
4282.52636719	8.39184188843
4283.51171875	8.00506591797
4284.49902344	8.09320068359
4285.48486328	8.55846214294
4286.47314453	8.65428924561
4287.45898438	8.05805206299
4288.4453125	7.45678472519
4289.43457031	6.65608263016
4290.42138672	5.77211523056
4291.41064453	5.23406171799
4292.39794922	5.71312093735
4293.38769531	7.38088083267
4294.37548828	8.21661376953
4295.36328125	7.80433988571
4296.35351562	7.94306993484
4297.34228516	8.36871242523
4298.33300781	8.02084636688
4299.32177734	7.0596780777
4300.31347656	6.00518751144
4301.30273438	5.51539468765
4302.29199219	5.84810829163
4303.28417969	6.25245571136
4304.27441406	6.4300198555
4305.26660156	7.04350805283
4306.25732422	6.947078228
4307.25	6.14348459244
4308.24121094	5.33849573135
4309.23193359	4.90726804733
4310.22558594	5.11779403687
4311.21728516	6.17339611053
4312.21142578	7.16018152237
4313.20361328	7.91101360321
4314.19824219	8.66869735718
4315.19042969	8.99938392639
4316.18359375	9.18266677856
4317.17871094	10.5001916885
4318.171875	11.4173641205
4319.16748047	11.2365970612
4320.16113281	10.7839441299
4321.15722656	11.0302276611
4322.15136719	11.6272315979
4323.14599609	11.0345611572
4324.14257812	9.95732021332
4325.13769531	8.57414722443
4326.13476562	6.74507522583
4327.12988281	5.9682226181
4328.12792969	7.4890127182
4329.12353516	10.0881414413
4330.11962891	11.3684864044
4331.11816406	11.6179027557
4332.11425781	11.6783494949
4333.11328125	11.9695262909
4334.11035156	12.3030290604
4335.109375	12.330160141
4336.10693359	12.6619215012
4337.10693359	12.1751651764
4338.10449219	10.5089254379
4339.10253906	9.11585521698
4340.10302734	8.93009090424
4341.1015625	8.94803333282
4342.10253906	9.59114170074
4343.1015625	10.985203743
4344.10302734	11.440621376
4345.10253906	11.0005426407
4346.10205078	10.7910881042
4347.10400391	11.182141304
4348.10400391	11.5875740051
4349.10693359	12.2473335266
4350.10742188	12.7946081161
4351.11035156	12.3186073303
4352.11132812	10.4440431595
4353.11279297	8.44431972504
4354.11621094	8.70354270935
4355.11816406	9.92571544647
4356.12255859	10.5697469711
4357.12451172	10.9779987335
4358.12939453	11.8556671143
4359.13183594	12.5006113052
4360.13476562	11.909157753
4361.14013672	11.2103900909
4362.14355469	11.8372688293
4363.14941406	12.5156927109
4364.15283203	12.1996831894
4365.15917969	12.5016174316
4366.16357422	13.0278310776
4367.16796875	12.78885746
4368.17480469	11.8968744278
4369.18017578	11.3599357605
4370.1875	11.6044464111
4371.19287109	11.6904401779
4372.20068359	11.464056015
4373.20654297	11.5020465851
4374.21289062	11.1435937881
4375.22119141	10.2595911026
4376.22802734	9.375248909
4377.23681641	9.20787906647
4378.24414062	10.4107818604
4379.25341797	11.1184949875
4380.26123047	10.736415863
4381.26855469	10.1672334671
4382.27929688	9.67224788666
4383.28710938	7.9451713562
4384.29785156	5.9826426506
4385.30664062	5.17540836334
4386.31787109	6.49430418015
4387.32666016	8.81947803497
4388.3359375	10.3608493805
4389.34814453	10.5952186584
4390.35791016	10.0590734482
4391.37011719	9.94959926605
4392.38037109	10.727856636
4393.39355469	11.5193567276
4394.40429688	11.5343866348
4395.41503906	11.3013114929
4396.42871094	11.2535705566
4397.43994141	11.8702087402
4398.45410156	12.8884067535
4399.46582031	13.1832504272
4400.48046875	12.2059783936
4401.49267578	11.147236824
4402.50537109	11.10795784
4403.52050781	11.0736322403
4404.53369141	9.52691078186
4405.54931641	7.46551561356
4406.5625	6.93856525421
4407.57861328	8.18529415131
4408.59277344	9.02097225189
4409.60693359	9.62149333954
4410.62402344	11.055934906
4411.63867188	12.6058835983
4412.65576172	13.1159906387
4413.67089844	12.8625898361
4414.68847656	11.9756565094
4415.70410156	10.1774749756
4416.72265625	8.93637275696
4417.73876953	9.74705505371
4418.75488281	12.077999115
4419.77392578	13.255115509
4420.79052734	13.6163015366
4421.81005859	13.7376031876
4422.82714844	12.802482605
4423.84716797	11.7227830887
4424.86474609	11.6398324966
4425.8828125	11.5063667297
4426.90332031	10.3100528717
4427.921875	10.0486898422
4428.94287109	10.8319263458
4429.96191406	11.7447919846
4430.98339844	12.0021953583
4432.00244141	11.8898067474
4433.02197266	12.89960289
4434.04443359	12.9312696457
4435.06445312	11.2070541382
4436.08740234	9.19262695312
4437.10791016	8.94878768921
4438.13085938	10.9066114426
4439.15185547	13.179309845
4440.17333984	14.4458942413
4441.19677734	14.1472673416
4442.21875	12.7891836166
4443.24316406	11.5301599503
4444.26513672	11.3910102844
4445.29003906	12.3643054962
4446.3125	13.618309021
4447.33544922	14.2873353958
4448.36132812	14.0301084518
4449.38427734	13.5396442413
4450.41064453	13.9441184998
4451.43408203	13.5942745209
4452.4609375	13.1939554214
4453.48486328	12.9398164749
4454.50976562	11.5550327301
4455.53662109	8.9831237793
4456.56152344	8.12072563171
4457.58935547	8.94839954376
4458.61474609	10.0439271927
4459.64306641	10.5854845047
4460.66894531	10.5548629761
4461.6953125	10.2198982239
4462.72412109	9.95464134216
4463.75048828	11.0575389862
4464.77978516	12.8050374985
4465.80712891	13.6444406509
4466.83691406	13.3667421341
4467.86425781	13.000451088
4468.89257812	13.3886833191
4469.92285156	13.4225950241
4470.95117188	13.2272281647
4471.98193359	13.7097454071
4473.01074219	14.4617919922
4474.04248047	14.8723802567
4475.07177734	15.3643188477
4476.10107422	14.7011966705
4477.13330078	14.3895654678
4478.16308594	15.139705658
4479.19580078	15.8935527802
4480.2265625	15.425069809
4481.25927734	14.1135988235
4482.29052734	12.7709646225
4483.32128906	12.2790689468
4484.35546875	13.1815757751
4485.38671875	14.6752490997
4486.42138672	15.5769443512
4487.453125	15.7726306915
4488.48828125	15.5892658234
4489.52050781	14.7092657089
4490.55371094	13.4269447327
4491.58886719	13.0460691452
4492.62255859	14.1597146988
4493.65820312	15.0793361664
4494.69189453	14.6581830978
4495.72851562	13.090379715
4496.76269531	12.3001976013
4497.79980469	12.8552207947
4498.83447266	14.1085710526
4499.86962891	15.4265260696
4500.90722656	15.7246675491
4501.94238281	15.3363018036
4502.98046875	15.1606464386
4504.01660156	15.720035553
4505.05517578	16.7176380157
4506.09179688	17.1453666687
4507.12792969	16.8015518188
4508.16748047	16.597442627
4509.20458984	16.3621444702
4510.24462891	16.427312851
4511.28222656	16.8391895294
4512.32226562	16.3750801086
4513.36035156	15.6935949326
4514.3984375	15.0947542191
4515.43945312	15.1621170044
4516.47851562	15.6349287033
4517.52001953	15.7777223587
4518.55908203	15.3678350449
4519.60107422	14.6965293884
4520.640625	15.55900383
4521.68066406	16.7852973938
4522.72363281	16.765171051
4523.76416016	15.5556602478
4524.80712891	15.0860319138
4525.84814453	15.0146055222
4526.89160156	14.0832719803
4527.93310547	12.3930425644
4528.97460938	11.3556718826
4530.01904297	11.7347183228
4531.06103516	12.209854126
4532.10595703	12.8858308792
4533.14892578	13.3809299469
4534.19384766	12.869260788
4535.23730469	11.3533258438
4536.28027344	10.160317421
4537.32666016	11.3268737793
4538.37011719	14.6278944016
4539.41699219	16.8011856079
4540.4609375	16.5899085999
4541.50830078	15.312084198
4542.55273438	14.9905157089
4543.59814453	15.9024753571
4544.64550781	16.266658783
4545.69140625	15.2324724197
4546.73925781	14.4253101349
4547.78515625	14.7007570267
4548.83398438	15.1412239075
4549.88037109	14.482336998
4550.92724609	14.9000377655
4551.9765625	15.7430677414
4553.02392578	15.724981308
4554.07373047	15.159737587
4555.12158203	14.7849397659
4556.171875	14.1753816605
4557.21972656	14.6853647232
4558.26855469	16.0920639038
4559.31933594	17.5163116455
4560.36816406	17.922624588
4561.41992188	17.4450416565
4562.46923828	17.7826480865
4563.52148438	17.5056152344
4564.57128906	17.0977802277
4565.62109375	16.2551040649
4566.67431641	15.9531173706
4567.72460938	17.0491943359
4568.77783203	17.9919872284
4569.82910156	18.4871311188
4570.8828125	17.8609828949
4571.93457031	16.2962226868
4572.98876953	15.4994668961
4574.04052734	16.7329521179
4575.09277344	18.3272800446
4576.14794922	18.2847309113
4577.20068359	17.7290668488
4578.25585938	17.184343338
4579.30957031	16.7340736389
4580.36523438	15.9772796631
4581.41894531	14.4298229218
4582.47314453	14.5111789703
4583.52978516	15.8749465942
4584.58398438	17.0496692657
4585.64111328	16.7037296295
4586.69628906	15.0876073837
4587.75390625	14.788942337
4588.80908203	16.7839336395
4589.86474609	18.202878952
4590.92333984	18.4225826263
4591.97949219	17.6547164917
4593.03857422	16.4921512604
4594.09521484	16.0945587158
4595.15429688	16.1169452667
4596.21142578	16.5512638092
4597.26904297	16.9482688904
4598.32910156	17.1890773773
4599.38671875	17.3167953491
4600.44726562	16.9839572906
4601.50585938	16.1787910461
4602.56689453	15.6730947495
4603.62548828	15.9016885757
4604.68457031	16.5450954437
4605.74658203	16.8690052032
4606.80615234	16.5654392242
4607.86865234	16.5505962372
4608.92871094	17.1055679321
4609.99121094	18.3643856049
4611.05175781	19.2485275269
4612.11230469	18.7446060181
4613.17626953	17.8919773102
4614.23730469	17.34907341
4615.30126953	17.6490268707
4616.36328125	17.969121933
4617.42773438	17.938703537
4618.48974609	17.8526248932
4619.55224609	17.8353919983
4620.61767578	17.7810955048
4621.68066406	18.1878108978
4622.74609375	18.4177074432
4623.80957031	18.1993598938
4624.87597656	17.8896923065
4625.93994141	17.648431778
4627.00390625	16.9549884796
4628.07128906	17.5257644653
4629.13574219	18.3655166626
4630.203125	18.5362739563
4631.26855469	18.3451938629
4632.33642578	18.5489826202
4633.40234375	18.5368556976
4634.46777344	17.8697509766
4635.53662109	17.7014751434
4636.60302734	17.9538612366
4637.67236328	17.6924095154
4638.73925781	17.1626548767
4639.80859375	16.4346065521
4640.87646484	15.9593029022
4641.94384766	16.6998996735
4643.01416016	18.0680446625
4644.08251953	18.5991954803
4645.15332031	18.1308841705
4646.22167969	17.1692008972
4647.29345703	15.2333583832
4648.36230469	14.6056346893
4649.43164062	15.7192850113
4650.50390625	16.8791999817
4651.57373047	17.1434745789
4652.64648438	16.84167099
4653.71679688	16.7460441589
4654.79003906	16.9010715485
4655.86083984	16.6319351196
4656.93457031	16.0139045715
4658.00585938	16.8754253387
4659.07714844	18.2709331512
4660.15136719	19.4379062653
4661.22363281	19.9884872437
4662.29833984	19.7855987549
4663.37109375	18.9363555908
4664.44628906	17.8907718658
4665.51953125	17.2961063385
4666.59277344	17.2068004608
4667.66894531	15.9390954971
4668.74267578	14.1416492462
4669.81933594	14.2083091736
4670.89355469	16.3825416565
4671.97070312	18.1260623932
4673.04541016	18.5438690186
4674.12060547	18.2257289886
4675.19824219	17.6812515259
4676.27392578	17.4274864197
4677.35205078	18.3599567413
4678.42822266	19.0872402191
4679.50732422	18.3407554626
4680.58349609	17.5697002411
4681.66015625	17.1025238037
4682.74023438	16.3256111145
4683.81738281	16.2873306274
4684.89746094	17.4963111877
4685.97509766	18.0481948853
4687.05566406	17.8349380493
4688.13378906	17.6485347748
4689.21240234	17.893453598
4690.29345703	17.9812374115
4691.37255859	17.7859230042
4692.45458984	17.3647842407
4693.53417969	17.4625301361
4694.61621094	17.9836215973
4695.69628906	18.3060188293
4696.77636719	18.6393127441
4697.859375	18.9313220978
4698.94042969	17.9321193695
4700.02392578	16.6801528931
4701.10498047	16.5135669708
4702.18945312	17.1160678864
4703.27099609	16.3605556488
4704.35302734	15.4788541794
4705.4375	16.1111679077
4706.52001953	17.0592441559
4707.60546875	17.036315918
4708.68847656	16.2525749207
4709.77441406	16.0636405945
4710.85791016	16.1828289032
4711.94140625	17.140001297
4713.02832031	18.1454982758
4714.11230469	18.3191280365
4715.19921875	17.5254802704
4716.28417969	16.6937847137
4717.37158203	17.5531768799
4718.45703125	18.1821651459
4719.54248047	18.2039299011
4720.63085938	18.4828243256
4721.71679688	19.2154865265
4722.80566406	18.7607650757
4723.89208984	18.0283241272
4724.98144531	17.910867691
4726.06835938	18.5579719543
4727.15527344	18.7176628113
4728.24560547	17.3982906342
4729.33349609	16.3035640717
4730.42382812	16.1733837128
4731.51220703	16.4611968994
4732.60302734	16.8187656403
4733.69189453	17.0316905975
4734.78076172	17.0591220856
4735.87255859	17.199136734
4736.96240234	17.222661972
4738.0546875	16.5510311127
4739.14453125	16.7824802399
4740.23730469	17.7311000824
4741.32763672	17.6537227631
4742.42089844	16.9183082581
4743.51220703	17.2021522522
4744.60351562	17.6177501678
4745.69726562	17.7470741272
4746.7890625	17.7823371887
4747.88378906	17.9389038086
4748.97607422	18.0399398804
4750.07128906	18.3326530457
4751.1640625	18.3790016174
4752.25683594	18.024263382
4753.35253906	17.4235591888
4754.44628906	16.8684577942
4755.54248047	16.6064300537
4756.63671875	16.7684116364
4757.73339844	17.0421886444
4758.828125	16.8409099579
4759.92285156	16.4707145691
4761.02050781	16.6117897034
4762.11572266	16.7005329132
4763.21386719	15.9616575241
4764.30957031	15.4862184525
4765.40820312	15.5396471024
4766.50439453	15.4804105759
4767.60107422	14.9529399872
4768.70019531	15.029964447
4769.79736328	15.5750722885
4770.89746094	15.8826036453
4771.99511719	15.8578100204
4773.09521484	15.405333519
4774.19335938	14.8499689102
4775.29150391	15.456609726
4776.39257812	15.6943321228
4777.49169922	15.1558170319
4778.59326172	14.737953186
4779.69238281	14.5853633881
4780.79492188	14.2704563141
4781.89453125	14.3170576096
4782.99462891	14.2250843048
4784.09765625	13.7600860596
4785.19824219	13.8141260147
4786.30175781	14.6052398682
4787.40283203	15.279127121
4788.50683594	15.1637811661
4789.60839844	15.1589565277
4790.70996094	15.0488624573
4791.81494141	15.4772663116
4792.91699219	16.2031726837
4794.02246094	16.4061584473
4795.12548828	16.7455787659
4796.23095703	17.6184310913
4797.33447266	17.8707351685
4798.43798828	17.6539096832
4799.54443359	17.2503852844
4800.6484375	16.7296504974
4801.75585938	16.6703128815
4802.86035156	17.3579425812
4803.96777344	18.0696926117
4805.07324219	18.424621582
4806.17822266	18.1902923584
4807.28662109	17.4803657532
4808.39257812	17.1829299927
4809.50146484	17.2203826904
4810.60791016	17.3933429718
4811.71728516	17.6761722565
4812.82421875	17.7591323853
4813.93115234	17.5225410461
4815.04150391	17.8165912628
4816.14892578	17.9555263519
4817.25976562	18.0470581055
4818.36767578	18.2478809357
4819.47900391	18.3724155426
4820.58789062	18.2172966003
4821.69677734	18.0879325867
4822.80859375	17.5774860382
4823.91796875	16.4962558746
4825.03027344	15.5310506821
4826.140625	15.5803480148
4827.25341797	16.7312679291
4828.36376953	17.4204902649
4829.47705078	16.759305954
4830.58789062	16.4405517578
4831.69921875	16.2976055145
4832.81347656	15.8789691925
4833.92529297	15.7903547287
4835.04003906	16.9881076813
4836.15234375	17.1176891327
4837.26757812	16.9997959137
4838.38037109	17.1050338745
4839.49365234	17.2156028748
4840.609375	16.9707431793
4841.72314453	16.5503044128
4842.83935547	16.8928985596
4843.95361328	16.7645072937
4845.07080078	16.6369552612
4846.18505859	17.2104053497
4847.30029297	18.1697826385
4848.41796875	18.4452095032
4849.53320312	18.3532600403
4850.65136719	18.6499671936
4851.76757812	18.7043476105
4852.88623047	18.383764267
4854.00244141	18.3386821747
4855.11914062	18.3417644501
4856.23876953	17.4134063721
4857.35595703	17.2247428894
4858.47607422	18.0459594727
4859.59375	18.4033699036
4860.71435547	16.9966430664
4861.83251953	15.4148788452
4862.95117188	15.210515976
4864.07226562	16.3840522766
4865.19140625	17.2729320526
4866.31347656	17.4881858826
4867.43261719	17.8830280304
4868.55517578	17.9971160889
4869.67529297	17.8152122498
4870.79541016	17.4482803345
4871.91894531	15.7477912903
4873.03955078	14.0102300644
4874.16308594	14.9601736069
4875.28417969	16.9813175201
4876.40869141	17.1036643982
4877.53076172	17.0034217834
4878.65234375	16.9104404449
4879.77734375	17.1294059753
4880.90039062	18.1455345154
4882.02587891	18.3724460602
4883.14892578	17.2487030029
4884.27490234	17.3010883331
4885.3984375	17.6765995026
4886.52246094	17.0661315918
4887.64941406	15.986492157
4888.7734375	16.1334114075
4889.90087891	16.645280838
4891.02587891	15.7042074203
4892.15380859	14.1428604126
4893.27929688	14.2087783813
4894.40478516	16.8073101044
4895.53369141	18.9666385651
4896.65966797	19.6580963135
4897.7890625	19.8159599304
4898.91552734	19.5454158783
4900.04541016	18.8881645203
4901.17236328	18.440404892
4902.29980469	18.648021698
4903.43066406	17.9628505707
4904.55859375	17.0492897034
4905.68945312	17.4327774048
4906.81787109	18.7978420258
4907.94970703	19.4603996277
4909.07861328	19.5043869019
4910.20800781	18.6402072906
4911.34033203	17.980966568
4912.47021484	17.9749031067
4913.60302734	18.2579078674
4914.73339844	18.2298927307
4915.86669922	17.9902076721
4916.99755859	18.483083725
4918.13134766	18.6123809814
4919.26269531	17.0941772461
4920.39453125	14.3823623657
4921.52880859	12.7050256729
4922.66113281	13.821814537
4923.79638672	16.4145717621
4924.92919922	17.6859169006
4926.06494141	17.4088134766
4927.19824219	17.4422397614
4928.33154297	19.0719223022
4929.46777344	19.9855670929
4930.60205078	20.0362815857
4931.73876953	19.8361091614
4932.87353516	19.3891983032
4934.01074219	18.4276542664
4935.14599609	17.310716629
4936.28125	17.5005016327
4937.41992188	18.1556873322
4938.55566406	17.6024589539
4939.69433594	16.2178535461
4940.83056641	15.709236145
4941.96972656	17.0460586548
4943.10693359	18.2663974762
4944.24414062	18.7838096619
4945.38427734	19.2809257507
4946.52197266	18.910905838
4947.66259766	18.3451957703
4948.80078125	19.3725662231
4949.94189453	20.3075885773
4951.08056641	20.1079502106
4952.21972656	20.024641037
4953.36181641	20.1885299683
4954.50097656	19.9615688324
4955.64355469	19.0232048035
4956.78369141	17.8468112946
4957.92675781	15.2289571762
4959.06738281	13.2052507401
4960.20800781	14.5458106995
4961.35205078	17.6320323944
4962.49316406	18.2074584961
4963.63769531	17.7889060974
4964.77929688	17.5814266205
4965.92431641	17.3900623322
4967.06689453	17.2196617126
4968.20947266	17.0401706696
4969.35498047	16.7819252014
4970.49804688	16.9633750916
4971.64453125	17.9082927704
4972.78808594	18.5869865417
4973.93505859	19.1858081818
4975.07910156	19.4888534546
4976.22363281	18.9131221771
4977.37109375	18.7353649139
4978.51611328	18.5656471252
4979.6640625	17.8950195312
4980.80957031	17.3931827545
4981.95849609	16.6432571411
4983.10449219	14.5740480423
4984.25097656	13.20545578
4985.40039062	14.554432869
4986.546875	15.845705986
4987.69677734	16.5425300598
4988.84423828	17.1520309448
4989.99462891	17.2970371246
4991.14257812	15.9933376312
4992.29101562	15.5874195099
4993.44238281	16.3436527252
4994.59082031	16.9509887695
4995.74267578	16.8308334351
4996.89160156	16.8542957306
4998.04394531	17.7653579712
4999.19384766	17.9328098297
5000.34375	16.3069572449
5001.49707031	14.6936244965
5002.64746094	14.6701145172
5003.80126953	15.7895412445
5004.95214844	16.5654888153
5006.10644531	16.6218967438
5007.25830078	15.2714319229
5008.41259766	14.0693826675
5009.56494141	14.4766979218
5010.71728516	16.0645217896
5011.87304688	16.8814601898
5013.02587891	16.3517971039
5014.18164062	14.7529697418
5015.33544922	13.3241291046
5016.49169922	13.2327880859
5017.64599609	14.5905151367
5018.80029297	15.9654188156
5019.95751953	16.6894493103
5021.11230469	17.1881198883
5022.27001953	16.5749969482
5023.42578125	15.0932245255
5024.58398438	14.7751903534
5025.73974609	16.2239646912
5026.89599609	16.9811592102
5028.05517578	16.456571579
5029.21191406	15.3628530502
5030.37158203	15.3057041168
5031.52880859	17.0307636261
5032.68896484	17.6843643188
5033.84667969	17.6479930878
5035.00488281	17.6416950226
5036.16601562	16.5572509766
5037.32470703	14.9419202805
5038.48632812	15.1538734436
5039.64550781	16.0370807648
5040.80761719	14.4424238205
5041.96679688	12.6076374054
5043.12695312	12.7640151978
5044.29003906	14.3626918793
5045.45019531	15.3678703308
5046.61376953	16.642791748
5047.77490234	17.7034511566
5048.93847656	17.6617774963
5050.10009766	16.1567401886
5051.26171875	14.4932384491
5052.42675781	14.7224769592
5053.58886719	16.050239563
5054.75439453	16.4012718201
5055.91748047	16.1021900177
5057.08300781	15.9639873505
5058.24658203	16.538690567
5059.41015625	17.5217857361
5060.57714844	17.4373779297
5061.74121094	17.8640270233
5062.90820312	17.7190742493
5064.07324219	16.8927669525
5065.24072266	15.5712623596
5066.40625	14.1498270035
5067.57177734	14.5496015549
5068.74023438	15.0248336792
5069.90625	14.9893856049
5071.07519531	15.1911783218
5072.2421875	15.2637214661
5073.41162109	14.3309135437
5074.57861328	14.9601402283
5075.74609375	16.4229240417
5076.91650391	15.712937355
5078.08447266	14.6981840134
5079.25537109	14.9448385239
5080.42382812	14.8924036026
5081.59570312	14.0215730667
5082.76464844	13.9161777496
5083.93359375	13.5554437637
5085.10595703	13.8634805679
5086.27587891	15.2291107178
5087.44873047	16.1594600677
5088.61914062	16.0435676575
5089.79248047	15.4349784851
5090.96337891	15.3280935287
5092.13476562	15.4041976929
5093.30908203	15.9313621521
5094.48046875	17.3705177307
5095.65527344	16.8260478973
5096.82763672	14.6645936966
5098.00292969	14.9226016998
5099.17578125	16.0360832214
5100.3515625	15.3941583633
5101.52490234	13.7114725113
5102.69873047	13.7663917542
5103.875	14.2994451523
5105.04931641	14.5190229416
5106.2265625	14.1579303741
5107.40136719	13.6845016479
5108.57910156	13.8705768585
5109.75439453	14.3194465637
5110.9296875	14.8474702835
5112.10839844	14.8133602142
5113.28417969	14.4801673889
5114.46337891	14.6994533539
5115.64013672	15.8339271545
5116.81982422	16.5613365173
5117.99658203	16.5170383453
5119.17431641	16.4549560547
5120.35449219	16.012052536
5121.53271484	15.0435905457
5122.71386719	14.4922189713
5123.89208984	14.8194513321
5125.07373047	13.7979774475
5126.25292969	13.1305503845
5127.43212891	13.2110147476
5128.61425781	13.5391664505
5129.79394531	13.7229881287
5130.97705078	13.2374544144
5132.15722656	13.6174917221
5133.34082031	15.3523416519
5134.52197266	16.0887336731
5135.703125	15.3181333542
5136.88720703	15.4859018326
5138.06933594	16.0272350311
5139.25390625	15.1788358688
5140.43603516	14.0420265198
5141.62158203	14.5277376175
5142.80419922	15.7937641144
5143.98730469	15.2162981033
5145.17382812	15.0595006943
5146.35742188	14.7773199081
5147.54394531	13.7765951157
5148.72802734	13.7566518784
5149.91552734	14.7701749802
5151.10009766	14.5239458084
5152.28515625	14.1259317398
5153.47314453	13.5450210571
5154.65869141	12.5261716843
5155.84765625	12.288236618
5157.03369141	13.6962509155
5158.22265625	15.8061695099
5159.40917969	16.7497673035
5160.59619141	16.7499847412
5161.78613281	17.195728302
5162.97363281	17.2455062866
5164.1640625	16.4240531921
5165.35253906	15.8339424133
5166.54345703	14.8995265961
5167.73193359	11.8029794693
5168.92089844	9.53990459442
5170.11279297	10.0895671844
5171.30224609	11.9422616959
5172.49462891	11.5537977219
5173.68457031	9.27640724182
5174.87792969	9.07890605927
5176.06835938	10.8661756516
5177.25878906	13.1631507874
5178.45263672	14.3998413086
5179.64404297	13.9061851501
5180.83837891	13.2892789841
5182.03027344	12.2678079605
5183.22558594	10.6889677048
5184.41796875	9.10246944427
5185.61035156	8.9694890976
5186.80615234	11.511510849
5187.99951172	14.6822099686
5189.19580078	16.1540470123
5190.38964844	16.7728347778
5191.58642578	16.9879951477
5192.78076172	16.0508670807
5193.97802734	13.9491825104
5195.17285156	14.5183105469
5196.36816406	15.6527767181
5197.56640625	16.6690921783
5198.76220703	17.6843528748
5199.9609375	18.427444458
5201.15722656	18.2209625244
5202.35644531	17.4596443176
5203.55322266	16.6397476196
5204.75048828	14.7926521301
5205.95068359	12.2833023071
5207.1484375	10.4579429626
5208.34912109	10.0632171631
5209.546875	9.7325592041
5210.74853516	9.83717155457
5211.94726562	11.8639240265
5213.14648438	15.9808607101
5214.34814453	19.8224525452
5215.54785156	20.2186813354
5216.75048828	18.939119339
5217.95068359	18.2724208832
5219.15380859	19.0921230316
5220.35449219	20.4655323029
5221.55566406	21.4645576477
5222.75976562	21.9228897095
5223.9609375	21.0763187408
5225.16601562	19.4606685638
5226.36767578	17.7091255188
5227.57324219	16.0286026001
5228.77539062	15.5443372726
5229.97851562	17.672170639
5231.18457031	19.8780117035
5232.38769531	20.5937213898
5233.59472656	19.1145915985
5234.79833984	17.9044036865
5236.00585938	18.9663696289
5237.20996094	21.063337326
5238.41503906	21.8273010254
5239.62304688	21.9454402924
5240.828125	21.7603740692
5242.03710938	21.6544914246
5243.24267578	21.7080402374
5244.45166016	21.7856788635
5245.65820312	22.5160083771
5246.86523438	22.2811946869
5248.07519531	20.4314937592
5249.28222656	19.4991931915
5250.49267578	20.2419319153
5251.70068359	19.9018974304
5252.91162109	19.3707695007
5254.12011719	20.3492088318
5255.32861328	20.5481395721
5256.54052734	20.2124347687
5257.75	20.9260044098
5258.96240234	22.6053905487
5260.17236328	22.7923660278
5261.38525391	22.0095558167
5262.59570312	20.0779819489
5263.80615234	17.8769035339
5265.02001953	16.3393154144
5266.23144531	15.3522872925
5267.44580078	14.6470451355
5268.65722656	15.8591012955
5269.87207031	15.2116355896
5271.08447266	12.864151001
5272.29736328	12.824131012
5273.51269531	17.2348842621
5274.72607422	18.9837875366
5275.94238281	19.7242832184
5277.15625	20.1577186584
5278.37304688	21.1359386444
5279.58740234	22.6982746124
5280.8046875	23.1679058075
5282.01953125	21.1971340179
5283.23486328	19.5441455841
5284.453125	18.6058731079
5285.66894531	19.2056179047
5286.88769531	21.443189621
5288.10400391	23.3787822723
5289.32324219	23.2492637634
5290.54003906	23.21002388
5291.75732422	23.387336731
5292.97753906	23.2916755676
5294.1953125	23.0414714813
5295.41601562	23.1228294373
5296.63427734	22.4104652405
5297.85546875	20.1084823608
5299.07421875	17.3622226715
5300.29345703	17.3812599182
5301.515625	19.9057731628
5302.73535156	20.4020786285
5303.95800781	20.8925247192
5305.17822266	22.6092853546
5306.40136719	23.7376174927
5307.62207031	23.6044979095
5308.84326172	22.9616165161
5310.06738281	22.9157943726
5311.2890625	23.7586231232
5312.51367188	24.1356239319
5313.73583984	23.8584403992
5314.96142578	23.4695987701
5316.18408203	23.2928390503
5317.40722656	23.1620159149
5318.63330078	23.3024711609
5319.85644531	23.4961414337
5321.08349609	22.838388443
5322.30761719	22.4558906555
5323.53515625	22.4684238434
5324.75976562	20.888792038
5325.984375	19.71509552
5327.21289062	20.1200942993
5328.43798828	18.1984004974
5329.66699219	14.8692369461
5330.89306641	14.6362838745
5332.12207031	19.2527580261
5333.34912109	21.6260242462
5334.57568359	21.7458820343
5335.80615234	22.6081695557
5337.03369141	23.255317688
5338.26416016	22.7178726196
5339.4921875	22.6921787262
5340.72363281	21.2824840546
5341.95214844	19.6109714508
5343.18115234	19.7255592346
5344.41308594	21.4566574097
5345.64257812	22.5222873688
5346.87548828	21.1292705536
5348.10546875	20.582660675
5349.33886719	20.8815326691
5350.56933594	20.3884277344
5351.80029297	21.2885723114
5353.03417969	23.8670539856
5354.265625	23.8927402496
5355.50048828	23.6588020325
5356.73242188	24.031003952
5357.96777344	24.7577228546
5359.20019531	25.3017406464
5360.43310547	25.3474941254
5361.66943359	24.919500351
5362.90283203	24.089673996
5364.13964844	23.7933330536
5365.37353516	23.1378269196
5366.61035156	22.4270439148
5367.84521484	22.4477653503
5369.08007812	22.9127922058
5370.31835938	22.5106754303
5371.55371094	19.7147960663
5372.79248047	16.8975410461
5374.02832031	17.8164463043
5375.26757812	22.1034488678
5376.50390625	24.3125782013
5377.74414062	24.5715026855
5378.98095703	24.4471626282
5380.21875	24.7535228729
5381.45898438	25.1817874908
5382.69726562	25.0098972321
5383.93847656	23.9244060516
5385.17675781	22.6733989716
5386.41894531	23.347076416
5387.65820312	24.7415122986
5388.89746094	25.2019748688
5390.14013672	24.3915920258
5391.37988281	23.4920082092
5392.62304688	23.2236804962
5393.86376953	22.6276226044
5395.10742188	21.9981784821
5396.34863281	21.5302047729
5397.59033203	20.4690208435
5398.83496094	18.6151256561
5400.07666016	20.337890625
5401.32226562	22.6473712921
5402.56445312	22.9987602234
5403.81054688	22.7580871582
5405.05371094	22.2301158905
5406.296875	18.8467197418
5407.54394531	17.2891616821
5408.78808594	19.5681724548
5410.03515625	20.925579071
5411.27929688	19.9126987457
5412.52734375	19.4294166565
5413.77246094	22.2839241028
5415.01806641	24.1986637115
5416.26660156	24.2462902069
5417.51269531	24.0247840881
5418.76171875	24.9148406982
5420.00878906	25.8643455505
5421.25830078	24.4928665161
5422.50537109	24.2143955231
5423.75292969	24.4596424103
5425.00390625	24.0202178955
5426.25146484	23.4097156525
5427.50292969	24.0976238251
5428.75146484	25.7347183228
5430.00341797	23.2108764648
5431.25244141	19.489238739
5432.50195312	19.9832401276
5433.75488281	22.1271305084
5435.00488281	21.518163681
5436.2578125	19.958278656
5437.50878906	21.4514770508
5438.76269531	23.2804927826
5440.01367188	24.4196453094
5441.26513672	25.2285060883
5442.52001953	26.0586166382
5443.77197266	26.4794788361
5445.02734375	25.8441982269
5446.27978516	24.1296768188
5447.53564453	20.6935272217
5448.7890625	18.7752857208
5450.04248047	20.8112258911
5451.29931641	23.6667461395
5452.55322266	24.3001937866
5453.81054688	24.2851333618
5455.06542969	23.5065040588
5456.32324219	21.2747974396
5457.57861328	19.6052055359
5458.83398438	22.4283370972
5460.09277344	25.0664539337
5461.34863281	25.2362785339
5462.60839844	24.4969654083
5463.86523438	23.4736385345
5465.125	22.6555156708
5466.38183594	23.4895973206
5467.63964844	24.5291805267
5468.90039062	25.0785255432
5470.15869141	25.1350517273
5471.41992188	24.4955654144
5472.67871094	23.7799301147
5473.94042969	24.2893180847
5475.20019531	23.7713832855
5476.46240234	23.0015678406
5477.72216797	21.749753952
5478.98242188	21.450925827
5480.24609375	23.0049190521
5481.50683594	24.2141361237
5482.77050781	23.4056587219
5484.03222656	23.0004692078
5485.29638672	24.1414089203
5486.55859375	25.5047531128
5487.82080078	25.3132324219
5489.0859375	23.8851909637
5490.34912109	23.8792247772
5491.61523438	24.5593299866
5492.87841797	25.4699745178
5494.14501953	25.7750930786
5495.40869141	25.2161045074
5496.67285156	24.7865028381
5497.94042969	24.1804714203
5499.20507812	23.6771450043
5500.47363281	24.4893054962
5501.73876953	24.9172096252
5503.0078125	23.9258270264
5504.2734375	24.1164531708
5505.54003906	24.4568119049
5506.80957031	23.8715896606
5508.07617188	22.8287696838
5509.34619141	23.4636249542
5510.61376953	25.6410369873
5511.88427734	25.2489490509
5513.15234375	22.9977664948
5514.42089844	21.2958106995
5515.69238281	21.5020751953
5516.96142578	22.7790374756
5518.23339844	23.9800987244
5519.50292969	25.2703495026
5520.77587891	25.9988574982
5522.04589844	25.7845954895
5523.31640625	26.2811698914
5524.58984375	26.6860942841
5525.86035156	26.1095314026
5527.13476562	26.0507354736
5528.40625	24.7304229736
5529.68115234	22.3526229858
5530.95361328	22.9945545197
5532.22558594	25.4258098602
5533.50146484	26.0845565796
5534.77441406	25.2521324158
5536.05078125	25.0639533997
5537.32421875	25.3146381378
5538.6015625	25.3774528503
5539.87548828	25.2096405029
5541.14990234	25.6607398987
5542.42773438	27.1287918091
5543.70263672	25.9075527191
5544.98095703	25.3633060455
5546.25683594	25.6786174774
5547.53564453	25.7607116699
5548.81152344	25.6890411377
5550.08837891	26.6828556061
5551.36816406	26.5893325806
5552.64501953	26.5405769348
5553.92578125	26.769908905
5555.203125	26.5915184021
5556.484375	25.8925189972
5557.76269531	25.7353096008
5559.04101562	25.5685214996
5560.32324219	26.1583003998
5561.60205078	26.5657272339
5562.88476562	25.960313797
5564.1640625	24.9655246735
5565.44726562	25.0784282684
5566.72753906	24.5635681152
5568.00878906	23.8784790039
5569.29248047	23.3417568207
5570.57373047	23.415895462
5571.85791016	23.9487895966
5573.13964844	23.8803081512
5574.42480469	24.0801734924
5575.70751953	24.2165222168
5576.99316406	24.339887619
5578.27636719	24.4878616333
5579.55957031	24.6184158325
5580.84619141	24.7586326599
5582.12988281	24.8932685852
5583.41699219	25.033624649
5584.70166016	25.1651554108
5585.98925781	25.3082828522
5587.27441406	24.5359477997
5588.55957031	21.5801277161
5589.84863281	20.2593574524
5591.13476562	20.8024158478
5592.42382812	22.7570877075
5593.71044922	24.355304718
5595.00048828	24.0186290741
5596.28710938	22.9538993835
5597.57470703	24.6945285797
5598.86572266	24.7691287994
5600.15332031	23.500125885
5601.44482422	23.0215492249
5602.73339844	23.4193000793
5604.02539062	22.5237522125
5605.31445312	23.6472110748
5606.60449219	25.8508625031
5607.89746094	27.101688385
5609.18701172	27.2211437225
5610.48046875	27.1059741974
5611.77148438	27.0076618195
5613.06542969	27.0299892426
5614.35693359	27.5395355225
5615.6484375	25.6024932861
5616.94335938	22.4952220917
5618.23535156	22.0487728119
5619.53125	24.4871406555
5620.82373047	24.9043560028
5622.12011719	24.737159729
5623.41308594	25.8276462555
5624.70703125	26.3559989929
5626.00390625	24.7609100342
5627.29833984	24.1727561951
5628.59570312	25.4826316833
5629.890625	26.2555885315
5631.18896484	26.6193618774
5632.484375	26.9175720215
5633.78027344	27.0990505219
5635.07910156	27.2766494751
5636.37597656	27.2696018219
5637.67529297	26.8037853241
5638.97216797	26.3071632385
5640.27246094	26.4011039734
5641.5703125	26.8344478607
5642.86816406	26.409702301
5644.16943359	26.4072265625
5645.46777344	26.4059352875
5646.76953125	26.5563678741
5648.06835938	26.7351894379
5649.37109375	26.6419467926
5650.67041016	26.4494781494
5651.97070312	26.5892105103
5653.27392578	27.15675354
5654.57421875	27.559803009
5655.87841797	27.2613105774
5657.1796875	26.563287735
5658.48388672	26.2554855347
5659.78564453	24.5578384399
5661.08789062	24.3535251617
5662.39306641	25.3514118195
5663.69580078	25.5640449524
5665.00195312	25.0231609344
5666.3046875	26.7482967377
5667.61181641	27.7758426666
5668.91552734	27.2720241547
5670.21972656	26.7564659119
5671.52734375	26.6301307678
5672.83203125	26.5143489838
5674.14013672	26.9127101898
5675.4453125	27.7600269318
5676.75390625	27.6479511261
5678.06005859	27.8564224243
5679.36962891	28.2056293488
5680.67578125	27.788898468
5681.98291016	27.333152771
5683.29296875	26.1945419312
5684.60058594	25.7573814392
5685.91113281	26.8082466125
5687.21923828	27.5138587952
5688.53076172	26.2430419922
5689.83984375	25.1398525238
5691.1484375	25.9749069214
5692.4609375	27.1370773315
5693.77050781	28.2569885254
5695.08300781	28.6788883209
5696.39355469	28.1913356781
5697.70703125	28.1087913513
5699.01757812	27.4041557312
5700.32861328	26.5015163422
5701.64306641	26.3327655792
5702.95507812	26.2370166779
5704.27001953	25.726436615
5705.58203125	26.3977203369
5706.89794922	26.7596359253
5708.2109375	26.3630046844
5709.52392578	25.5125904083
5710.84082031	24.8251113892
5712.15429688	24.6528930664
5713.47167969	24.9023704529
5714.78613281	26.4290161133
5716.10351562	27.517698288
5717.41894531	27.8046112061
5718.734375	27.8136386871
5720.05273438	28.1040096283
5721.36865234	28.6264839172
5722.68798828	28.6874370575
5724.00439453	28.9898147583
5725.32421875	29.0754795074
5726.64160156	28.6534252167
5727.95898438	27.8328304291
5729.27978516	26.9949817657
5730.59765625	27.9023704529
5731.91894531	28.1965236664
5733.23779297	27.5253696442
5734.56005859	27.6269683838
5735.87890625	29.0615921021
5737.19873047	29.022895813
5738.52148438	28.4877662659
5739.84179688	28.4230861664
5741.16552734	28.5112895966
5742.48632812	28.4163322449
5743.81054688	28.2544994354
5745.13183594	28.3670978546
5746.453125	28.8032798767
5747.77832031	29.1548442841
5749.10058594	28.7093067169
5750.42675781	28.3443412781
5751.74951172	28.940536499
5753.07568359	28.9273090363
5754.39941406	27.8174190521
5755.72265625	27.1294803619
5757.05029297	28.0945358276
5758.37451172	29.4271507263
5759.70263672	29.4200630188
5761.02734375	29.0757274628
5762.35595703	28.5512447357
5763.68164062	27.3940696716
5765.0078125	27.1899814606
5766.33691406	28.189786911
5767.66357422	29.058052063
5768.99365234	29.0503044128
5770.32080078	29.4741458893
5771.65136719	29.7816238403
5772.97900391	29.5393371582
5774.30712891	29.1450214386
5775.63867188	28.9621238708
5776.96728516	28.4674472809
5778.29931641	28.4014892578
5779.62890625	28.4063816071
5780.96142578	28.2093257904
5782.29150391	27.29662323
5783.625	26.0787525177
5784.95507812	26.4368228912
5786.28613281	26.1905937195
5787.62060547	26.3064155579
5788.95214844	27.389875412
5790.28710938	28.3703861237
5791.61914062	28.097700119
5792.95410156	27.686964035
5794.28710938	28.4254302979
5795.62011719	29.5330123901
5796.95654297	29.6981906891
5798.29003906	29.0020999908
5799.62695312	28.592666626
5800.96142578	29.0488643646
5802.29882812	29.625497818
5803.63378906	30.0584869385
5804.96875	29.6900081635
5806.30761719	29.1816139221
5807.64355469	29.3431987762
5808.98242188	29.1375331879
5810.31884766	29.2172260284
5811.65917969	29.1526088715
5812.99560547	29.5111637115
5814.33300781	29.9528331757
5815.67382812	29.6017951965
5817.01171875	28.8626327515
5818.35302734	28.5513057709
5819.69140625	28.9696407318
5821.03369141	29.5617733002
5822.37304688	29.8144321442
5823.71191406	29.6218395233
5825.05517578	29.310842514
5826.39550781	29.5317611694
5827.73876953	29.7327365875
5829.07910156	29.7478199005
5830.42382812	29.8126792908
5831.76464844	30.0328006744
5833.10644531	30.0483875275
5834.45166016	30.1875953674
5835.79394531	30.0718364716
5837.13964844	29.8017082214
5838.48242188	29.6874446869
5839.82861328	29.7724628448
5841.171875	29.7573318481
5842.515625	30.2688026428
5843.86328125	30.2269172668
5845.20703125	29.8054981232
5846.55566406	29.6084785461
5847.90039062	29.7223701477
5849.24902344	29.4969730377
5850.59472656	29.162733078
5851.94042969	29.6206130981
5853.29003906	29.3301887512
5854.63671875	28.534658432
5855.98632812	28.5399360657
5857.33349609	28.030790329
5858.68457031	25.9526729584
5860.03222656	25.3852710724
5861.37988281	27.434387207
5862.73144531	29.2647209167
5864.08056641	28.4834270477
5865.43261719	28.4829559326
5866.78222656	28.6892318726
5868.13476562	28.1698760986
5869.48486328	27.9374790192
5870.83496094	28.589838028
5872.18896484	29.4789390564
5873.54003906	29.5735778809
5874.89453125	29.0945472717
5876.24560547	29.0789985657
5877.60058594	28.969335556
5878.953125	28.4745635986
5880.30566406	27.8741340637
5881.66113281	27.1634750366
5883.01464844	26.8555984497
5884.37109375	26.6333465576
5885.72460938	25.704618454
5887.08203125	24.4005203247
5888.43652344	22.7017478943
5889.79394531	18.7145996094
5891.14941406	16.1159343719
5892.50439453	15.5290365219
5893.86328125	16.3901023865
5895.21875	17.3024539948
5896.578125	16.8870716095
5897.93505859	15.7263097763
5899.29492188	17.1692085266
5900.65234375	20.3434085846
5902.00976562	23.3817749023
5903.37060547	25.5954627991
5904.72851562	27.0429000854
5906.09033203	27.3347167969
5907.44921875	27.4912891388
5908.81103516	28.0753803253
5910.17041016	28.4092636108
5911.53027344	28.5852298737
5912.89355469	28.9638938904
5914.25390625	28.5347175598
5915.6171875	28.0395183563
5916.97851562	27.614944458
5918.34277344	27.9206638336
5919.70410156	28.4346637726
5921.06591797	28.3854808807
5922.43164062	28.845085144
5923.79394531	28.8763160706
5925.16015625	28.8062953949
5926.52294922	28.9691619873
5927.88964844	29.2297821045
5929.25292969	29.2328300476
5930.6171875	28.9199390411
5931.98486328	28.4226131439
5933.34960938	29.2532997131
5934.71777344	29.678647995
5936.08300781	29.1462001801
5937.45166016	28.9863967896
5938.81787109	29.5017757416
5940.18408203	29.7154026031
5941.55371094	29.6243343353
5942.92089844	28.9516029358
5944.29101562	28.7041072845
5945.65869141	29.7477703094
5947.02929688	30.1056499481
5948.39746094	30.3451461792
5949.76611328	30.0905761719
5951.13818359	29.5875072479
5952.50683594	29.3076477051
5953.87988281	29.2816963196
5955.24951172	29.0234928131
5956.62304688	29.5764808655
5957.99316406	29.3418369293
5959.36376953	28.9105834961
5960.73779297	29.3961753845
5962.109375	30.4741382599
5963.48388672	30.2308273315
5964.85595703	30.209148407
5966.23144531	29.6162166595
5967.60400391	29.2144165039
5968.9765625	29.4733982086
5970.35351562	29.9361362457
5971.7265625	30.2549343109
5973.10351562	30.313451767
5974.47753906	30.2322177887
5975.85546875	29.9945259094
5977.23046875	29.3835926056
5978.60546875	28.5599937439
5979.98388672	28.5943832397
5981.359375	29.3221435547
5982.73925781	30.2005653381
5984.11523438	29.9412021637
5985.49511719	29.0047264099
5986.87207031	28.8985385895
5988.24951172	29.2197093964
5989.63037109	29.8218479156
5991.00830078	30.1997318268
5992.38964844	30.2536869049
5993.76806641	30.4298534393
5995.15039062	30.9291534424
5996.52929688	30.8039321899
5997.91259766	30.3322887421
5999.29199219	29.9443473816
6000.67236328	29.8625354767
6002.05566406	29.8855266571
6003.43652344	29.6215457916
6004.82128906	29.2226982117
6006.20263672	29.8165302277
6007.58789062	29.9369544983
6008.96972656	29.0686016083
6010.35205078	28.5075016022
6011.73828125	29.4799175262
6013.12109375	30.2076702118
6014.5078125	29.299407959
6015.89111328	29.0343208313
6017.27832031	29.142408371
6018.66308594	29.1623153687
6020.04736328	29.3184700012
6021.43554688	29.1030006409
6022.82080078	28.3090057373
6024.20947266	28.5366859436
6025.59570312	29.2549171448
6026.98535156	29.6804084778
6028.37158203	29.9548778534
6029.75830078	30.6028423309
6031.14892578	30.9979381561
6032.53613281	31.1270942688
6033.92724609	31.2675189972
6035.31542969	31.3925857544
6036.70703125	31.3042087555
6038.09570312	31.1943798065
6039.48486328	30.9844818115
6040.87792969	30.5507831573
6042.26708984	30.3197975159
6043.66064453	30.5100688934
6045.05078125	30.9111633301
6046.44482422	31.27775383
6047.8359375	31.4581050873
6049.22705078	31.5130348206
6050.62207031	31.5521888733
6052.01416016	31.5358905792
6053.40966797	31.364730835
6054.80224609	31.1528987885
6056.19824219	30.9671173096
6057.59179688	30.5695171356
6058.98535156	30.3808307648
6060.38232422	30.8225288391
6061.77636719	31.5242862701
6063.17480469	31.2617034912
6064.56933594	30.7824954987
6065.96777344	29.6176795959
6067.36328125	29.0572433472
6068.75878906	29.9697322845
6070.15820312	31.4513702393
6071.5546875	31.7470321655
6072.95507812	31.8201560974
6074.35205078	31.6162567139
6075.75292969	31.5192203522
6077.15039062	31.6535587311
6078.54833984	31.5062217712
6079.95019531	30.6368160248
6081.34863281	30.358839035
6082.75097656	30.5163173676
6084.15039062	30.4441795349
6085.55371094	30.2613945007
6086.95361328	30.5599784851
6088.35400391	30.9645290375
6089.7578125	31.1528186798
6091.15869141	30.6572418213
6092.56347656	30.093662262
6093.96484375	30.2734279633
6095.37011719	31.093372345
6096.77246094	31.1664485931
6098.17822266	31.1157054901
6099.58105469	30.9058971405
6100.984375	30.8010387421
6102.39160156	29.8890628815
6103.79492188	27.3704967499
6105.20263672	26.1541156769
6106.60742188	28.5533542633
6108.01513672	30.7560214996
6109.42041016	31.1329097748
6110.82617188	30.7646942139
6112.23486328	30.9569282532
6113.64111328	30.6264648438
6115.05078125	31.0804023743
6116.45800781	31.5433654785
6117.86816406	31.4765472412
6119.27539062	31.0188827515
6120.68359375	30.1513328552
6122.09472656	27.7840213776
6123.50292969	24.8108558655
6124.91503906	24.7188167572
6126.32421875	27.3113269806
6127.73681641	29.7848415375
6129.14648438	30.1846809387
6130.55664062	30.7611045837
6131.97021484	31.3114433289
6133.38085938	31.4390640259
6134.79541016	31.3523464203
6136.20654297	30.4224662781
6137.62158203	28.0582866669
6139.03320312	26.616771698
6140.44580078	27.935836792
6141.86132812	30.0354671478
6143.27441406	30.6236972809
6144.69140625	30.3790035248
6146.10498047	31.1684513092
6147.52246094	31.0362987518
6148.93652344	31.1356868744
6150.35107422	30.8900146484
6151.76953125	30.3417549133
6153.18457031	30.0835266113
6154.60351562	30.3446102142
6156.01953125	30.241651535
6157.43847656	29.9285125732
6158.85546875	29.6280326843
6160.27197266	29.0877876282
6161.69238281	27.0659198761
6163.11035156	23.0740566254
6164.53125	20.7326259613
6165.94921875	22.9979953766
6167.37109375	26.5573806763
6168.79003906	27.6342658997
6170.20898438	26.1663188934
6171.63183594	25.3121986389
6173.05175781	26.7251548767
6174.47558594	28.8169155121
6175.89550781	29.9326381683
6177.31982422	30.2136764526
6178.74121094	30.3179225922
6180.16259766	30.5088386536
6181.58740234	30.6425323486
6183.00976562	30.5274372101
6184.43554688	30.5611572266
6185.85791016	30.6015472412
6187.28466797	30.2771339417
6188.70800781	29.6664276123
6190.13183594	29.4917869568
6191.55908203	28.399230957
6192.98339844	27.4334869385
6194.41162109	27.7333850861
6195.83691406	29.1226654053
6197.265625	30.3469829559
6198.69091797	30.6302547455
6200.1171875	29.7356128693
6201.546875	29.0775737762
6202.97363281	29.4721317291
6204.40380859	30.3963489532
6205.83105469	30.7056694031
6207.26220703	30.4908924103
6208.68994141	30.644317627
6210.12207031	30.892282486
6211.55029297	30.5780601501
6212.97949219	29.7233581543
6214.41210938	28.8490085602
6215.84179688	27.8258972168
6217.27539062	27.3775348663
6218.70507812	27.752822876
6220.13964844	28.2286968231
6221.5703125	28.2056617737
6223.00146484	28.0353317261
6224.43652344	28.716255188
6225.86865234	28.6761016846
6227.30419922	28.7835922241
6228.73681641	28.9948234558
6230.17285156	28.538351059
6231.60644531	27.1687965393
6233.04003906	26.2881355286
6234.47753906	26.9437561035
6235.91162109	28.2608299255
6237.34960938	29.4456253052
6238.78417969	29.7456378937
6240.22314453	28.8504104614
6241.65820312	28.0243587494
6243.09472656	27.4312152863
6244.53417969	27.0620098114
6245.97070312	27.0457248688
6247.41113281	27.5534172058
6248.84814453	28.5269088745
6250.2890625	29.3345012665
6251.72705078	29.2191257477
6253.16503906	28.1847705841
6254.60693359	27.1671047211
6256.04589844	27.060092926
6257.48876953	27.5719890594
6258.92822266	26.8163051605
6260.37158203	25.9050235748
6261.81152344	26.2825069427
6263.25195312	27.8499355316
6264.69628906	29.3445835114
6266.13769531	29.5653419495
6267.58251953	29.0915412903
6269.02441406	29.0378570557
6270.46972656	28.9681968689
6271.91259766	29.205701828
6273.35546875	29.7888698578
6274.80175781	30.0271549225
6276.24560547	29.7893333435
6277.69287109	29.6257076263
6279.13671875	29.8881244659
6280.58496094	30.1155738831
6282.02978516	29.8652000427
6283.47509766	29.4645748138
6284.92382812	29.900554657
6286.37011719	30.1800193787
6287.81933594	30.4515399933
6289.26611328	30.9621486664
6290.71630859	31.2797164917
6292.16308594	30.7489852905
6293.61083984	30.0452785492
6295.0625	29.8027191162
6296.51025391	29.7173271179
6297.96240234	29.3764305115
6299.41113281	29.141374588
6300.86376953	29.5677375793
6302.31347656	29.5053005219
6303.76318359	28.6883106232
6305.21679688	28.741104126
6306.66748047	29.4388580322
6308.12158203	30.1506328583
6309.57275391	30.8795795441
6311.02783203	31.3322906494
6312.47949219	30.8285522461
6313.93164062	30.2786922455
6315.38769531	29.9633846283
6316.84082031	29.7235088348
6318.296875	29.445810318
6319.75097656	29.2178707123
6321.20800781	29.8366146088
6322.66210938	30.7060985565
6324.12011719	30.9310417175
6325.57519531	30.7443122864
6327.03027344	31.0291862488
6328.48925781	30.9648513794
6329.9453125	30.9180202484
6331.40478516	31.1150836945
6332.86132812	31.3759613037
6334.32177734	31.464214325
6335.77880859	31.0908908844
6337.23632812	29.8356342316
6338.69775391	29.4060935974
6340.15625	29.855381012
6341.61816406	30.8927135468
6343.07714844	31.5461711884
6344.53955078	30.84466362
6345.99902344	30.2493076324
6347.45898438	30.7659683228
6348.92285156	31.7887744904
6350.38330078	32.1358413696
6351.84765625	31.8328895569
6353.30859375	31.9167499542
6354.77392578	31.8416728973
6356.23583984	31.1982116699
6357.69824219	30.6578998566
6359.1640625	30.4990310669
6360.62695312	30.2161235809
6362.09375	29.4174938202
6363.55761719	29.4162559509
6365.02490234	29.6439437866
6366.48925781	30.2841854095
6367.95361328	30.8618907928
6369.421875	31.149810791
6370.88769531	31.4557571411
6372.35644531	31.4700012207
6373.82226562	31.6772918701
6375.29248047	31.4484348297
6376.75878906	31.1748390198
6378.22558594	31.2253112793
6379.69677734	31.1154079437
6381.1640625	30.3364162445
6382.63574219	29.6163692474
6384.10449219	29.7500343323
6385.57617188	30.3152675629
6387.04541016	30.6126937866
6388.51464844	30.44880867
6389.98779297	30.164396286
6391.45800781	30.5957355499
6392.93164062	30.6629257202
6394.40234375	29.7822933197
6395.87695312	29.0638713837
6397.34863281	30.0973377228
6398.81982422	31.2564201355
6400.29541016	30.6534099579
6401.76806641	29.3914661407
6403.24414062	29.5525627136
6404.71728516	31.2478427887
6406.19433594	32.2926673889
6407.66796875	31.8591804504
6409.14208984	31.3200054169
6410.62011719	31.1245346069
6412.09472656	31.1239185333
6413.57324219	30.976026535
6415.04882812	30.7443561554
6416.52783203	31.4215526581
6418.00390625	31.6876602173
6419.48046875	31.7275295258
6420.9609375	31.02891922
6422.43798828	30.0928993225
6423.91894531	30.6186695099
6425.39648438	31.9088592529
6426.87841797	32.6729888916
6428.35693359	32.6018562317
6429.8359375	32.1895141602
6431.31835938	31.5688686371
6432.79785156	30.615940094
6434.28125	30.6544151306
6435.76171875	31.7503910065
6437.24560547	32.4362678528
6438.7265625	31.4076766968
6440.21142578	29.2730007172
6441.69287109	28.5525188446
6443.17480469	30.505235672
6444.66064453	32.5172042847
6446.14306641	33.2204017639
6447.62988281	33.1961555481
6449.11279297	32.58644104
6450.60009766	30.6552696228
6452.08398438	28.9445858002
6453.56835938	30.1057510376
6455.05664062	32.0606269836
6456.54150391	32.6095542908
6458.03027344	32.1179656982
6459.51611328	32.6504249573
6461.00537109	33.223651886
6462.4921875	31.8413791656
6463.97851562	29.240026474
6465.46923828	28.5770587921
6466.95654297	30.7259159088
6468.44775391	32.7142791748
6469.93554688	32.8190841675
6471.42773438	32.5962219238
6472.91650391	31.9977874756
6474.40576172	32.01014328
6475.8984375	32.7713394165
6477.38818359	32.9337005615
6478.88183594	33.0052528381
6480.37255859	33.580242157
6481.86669922	33.3829345703
6483.35791016	32.6659889221
6484.84960938	32.3429336548
6486.34472656	32.711265564
6487.83691406	33.4191131592
6489.33300781	33.5747261047
6490.82617188	33.2941017151
6492.32275391	32.8150177002
6493.81640625	31.4503669739
6495.31005859	28.5117950439
6496.80810547	26.6528224945
6498.30273438	27.3176670074
6499.80078125	29.3622188568
6501.29638672	30.4650917053
6502.79541016	30.7064228058
6504.29150391	32.247718811
6505.78759766	32.9484214783
6507.28808594	33.1046714783
6508.78515625	33.1434898376
6510.28613281	33.0523452759
6511.78369141	33.0453529358
6513.28515625	33.4622497559
6514.78369141	33.4168815613
6516.28222656	33.5711555481
6517.78515625	33.3338546753
6519.28417969	32.9890060425
6520.78759766	33.0772781372
6522.28808594	33.518863678
6523.79199219	33.8466072083
6525.29248047	33.6042976379
6526.79394531	33.67445755
6528.29882812	33.8657150269
6529.80078125	33.7717056274
6531.30664062	33.5696563721
6532.80908203	33.1747589111
6534.31542969	33.1812095642
6535.81835938	33.3605270386
6537.32226562	33.5603485107
6538.82958984	33.7166900635
6540.33398438	33.8279571533
6541.84179688	34.2183837891
6543.34667969	34.0941390991
6544.85595703	33.5631942749
6546.36132812	32.7495117188
6547.8671875	31.9073066711
6549.37744141	31.7344722748
6550.88427734	32.8236846924
6552.39453125	33.2784843445
6553.90234375	33.1361541748
6555.41357422	32.6843490601
6556.92138672	32.1142654419
6558.43359375	31.8642597198
6559.94238281	32.6076202393
6561.45117188	33.0926437378
6562.96435547	30.7570037842
6564.47412109	27.6272315979
6565.98779297	27.4903316498
6567.49853516	30.9911460876
6569.01269531	32.9031181335
6570.52392578	32.9252624512
6572.03564453	32.6111030579
6573.55126953	32.1724281311
6575.06347656	31.4220809937
6576.57958984	31.1540489197
6578.09277344	32.5653877258
6579.609375	33.5705528259
6581.12304688	33.4134063721
6582.63671875	32.927570343
6584.15478516	33.008392334
6585.66943359	33.4779815674
6587.18847656	33.4662666321
6588.70361328	33.5339584351
6590.22265625	33.8763237
6591.73925781	33.8001899719
6593.25537109	32.6754226685
6594.77587891	31.1075878143
6596.29296875	31.1890277863
6597.81396484	32.5557556152
6599.33203125	33.2838745117
6600.85351562	33.1565513611
6602.37207031	33.1135749817
6603.89111328	33.6725082397
6605.4140625	33.8465995789
6606.93359375	33.3631210327
6608.45703125	32.7396392822
6609.97753906	32.4178886414
6611.50146484	32.6069946289
6613.02246094	33.2014045715
6614.54394531	33.5567092896
6616.06933594	33.5804672241
6617.59130859	33.7550582886
6619.1171875	33.880443573
6620.63964844	33.7823524475
6622.16650391	33.8089179993
6623.68994141	33.7619018555
6625.21386719	33.3262405396
6626.74169922	32.8114547729
6628.26611328	32.8453559875
6629.79443359	33.2793083191
6631.31933594	33.1944046021
6632.84863281	33.102355957
6634.37451172	32.6541976929
6635.90087891	32.2841377258
6637.43115234	32.5869941711
6638.95800781	33.2303733826
6640.48925781	33.2378120422
6642.01660156	33.5363349915
6643.54833984	33.1117286682
6645.07666016	32.785736084
6646.60546875	32.8004684448
6648.13769531	33.0109062195
6649.66748047	33.3944358826
6651.20068359	33.3346557617
6652.73095703	33.3040275574
6654.26513672	33.0910682678
6655.79589844	33.0871810913
6657.32714844	33.3435173035
6658.86230469	33.1574211121
6660.39404297	33.1182136536
6661.9296875	33.0188026428
6663.46240234	32.6029090881
6664.99902344	31.9775409698
6666.53222656	31.7527294159
6668.06591797	32.4060668945
6669.60351562	32.6936035156
6671.13769531	33.2494926453
6672.67626953	33.4803848267
6674.21142578	33.3903884888
6675.75048828	33.3076858521
6677.28613281	33.018573761
6678.82568359	31.9114398956
6680.36230469	31.2678413391
6681.89892578	31.7905387878
6683.43994141	32.4597702026
6684.97753906	32.55311203
6686.51904297	32.786907196
6688.05712891	32.8952178955
6689.59960938	33.0546951294
6691.13818359	32.9731292725
6692.67773438	32.7217254639
6694.22119141	32.656375885
6695.76074219	32.8016357422
6697.30517578	32.284702301
6698.84570312	31.8628044128
6700.390625	32.2829093933
6701.93164062	32.8137016296
6703.47363281	32.7824935913
6705.01953125	32.7062797546
6706.56201172	32.6123199463
6708.10839844	32.6674766541
6709.65136719	32.9632987976
6711.19873047	32.8946762085
6712.74267578	32.3160057068
6714.28710938	32.096824646
6715.83544922	32.0614471436
6717.38037109	31.4052371979
6718.92919922	30.0789680481
6720.47509766	29.9468727112
6722.02490234	31.4554958344
6723.57128906	32.1320037842
6725.11767578	32.1722145081
6726.66894531	32.0765533447
6728.21582031	31.8728752136
6729.76757812	32.1086425781
6731.31591797	32.594165802
6732.86816406	32.1951293945
6734.41699219	32.2957725525
6735.96630859	32.4676132202
6737.51953125	32.3474502563
6739.06933594	32.2196731567
6740.62353516	32.2197647095
6742.17382812	31.9646167755
6743.72851562	31.8349533081
6745.28027344	31.7004852295
6746.83203125	31.7766666412
6748.38769531	31.7879257202
6749.94042969	31.4406986237
6751.49707031	31.0732402802
6753.04980469	31.2460460663
6754.60742188	31.4683456421
6756.16113281	31.6790351868
6757.71533203	32.0478286743
6759.2734375	32.4453392029
6760.82861328	32.4626274109
6762.38769531	32.5386199951
6763.94335938	32.4776344299
6765.50292969	32.0893707275
6767.05957031	31.7575550079
6768.61621094	31.5361270905
6770.17675781	30.9717025757
6771.734375	31.2832679749
6773.29589844	31.7708263397
6774.85449219	31.7959251404
6776.41650391	31.9763202667
6777.97558594	32.4702568054
6779.53466797	32.2013015747
6781.09814453	32.181968689
6782.65820312	32.1807823181
6784.22216797	31.5624752045
6785.78271484	30.9374504089
6787.34765625	30.9875183105
6788.90917969	31.2861232758
6790.47070312	31.6275081635
6792.03662109	31.7598171234
6793.59912109	31.667011261
6795.16601562	31.5814476013
6796.72900391	31.5580615997
6798.29589844	31.3306255341
6799.86035156	31.1613426208
6801.42822266	31.4456176758
6802.99267578	31.8728160858
6804.55761719	31.9737586975
6806.12695312	31.6495571136
6807.69287109	31.3280639648
6809.26269531	31.2727012634
6810.82910156	31.2119102478
6812.39941406	31.2010326385
6813.96679688	31.5567436218
6815.53417969	31.9437770844
6817.10595703	31.4342460632
6818.67431641	31.1812000275
6820.24658203	31.2112789154
6821.81542969	31.2528686523
6823.38867188	31.2555160522
6824.95849609	31.3348026276
6826.52832031	31.4834899902
6828.10253906	31.3237895966
6829.67333984	31.1117725372
6831.24853516	31.0725803375
6832.81982422	31.1371383667
6834.39550781	31.2458019257
6835.96777344	31.4835739136
6837.54003906	31.4453639984
6839.1171875	30.9866657257
6840.69042969	30.7032432556
6842.26757812	30.4670715332
6843.84179688	30.1842556
6845.41992188	30.4952888489
6846.99511719	30.9649581909
6848.56982422	30.9641704559
6850.14941406	30.8682174683
6851.72509766	30.9115066528
6853.30517578	30.9120388031
6854.88183594	30.5943317413
6856.46240234	30.1828632355
6858.04003906	29.7816810608
6859.6171875	29.8398914337
6861.19921875	30.094745636
6862.77783203	29.9477062225
6864.36035156	29.6127357483
6865.93945312	30.6734199524
6867.52246094	30.9812526703
6869.10253906	30.6804161072
6870.68261719	30.4711093903
6872.26708984	30.5683784485
6873.84814453	30.6150474548
6875.43310547	30.338924408
6877.01464844	30.5164070129
6878.60058594	31.0842857361
6880.18310547	31.4984226227
6881.765625	31.2357025146
6883.35253906	30.3540077209
6884.93603516	29.9678478241
6886.52392578	30.097782135
6888.10839844	30.4432754517
6889.69628906	31.0888404846
6891.28125	31.7078533173
6892.86669922	31.3671569824
6894.45605469	31.178194046
6896.04248047	31.4291305542
6897.6328125	31.4810600281
6899.21923828	31.3496265411
6900.81054688	31.2578582764
6902.39794922	30.9617519379
6903.98583984	30.8525085449
6905.57763672	30.921869278
6907.16650391	31.3177509308
6908.75927734	31.7517051697
6910.34863281	31.9366016388
6911.94189453	31.9993648529
6913.53222656	31.5905456543
6915.12255859	31.3397769928
6916.71728516	31.1656627655
6918.30859375	30.8465309143
6919.90380859	30.4653339386
6921.49560547	30.5326290131
6923.09179688	31.4435062408
6924.68457031	31.8410930634
6926.28125	31.4230461121
6927.87451172	31.1771125793
6929.46826172	31.8606204987
6931.06640625	32.7187385559
6932.66064453	32.9501266479
6934.25927734	32.860660553
6935.85449219	32.6789169312
6937.45410156	32.5237083435
6939.04980469	32.5033760071
6940.64648438	32.7022590637
6942.24658203	32.9819526672
6943.84375	33.0783576965
6945.44482422	32.7739677429
6947.04296875	32.4099769592
6948.64453125	32.708240509
6950.24316406	33.7795372009
6951.84228516	33.625202179
6953.4453125	33.2170791626
6955.04492188	33.1175765991
6956.6484375	33.1435508728
6958.24902344	33.1584129333
6959.85351562	33.5011291504
6961.45458984	33.7203178406
6963.05615234	33.5723152161
6964.66210938	33.2616729736
6966.26416016	33.151725769
6967.87060547	33.2241325378
6969.47363281	33.0336914062
6971.08056641	33.1671180725
6972.68457031	33.0801391602
6974.28808594	32.8462677002
6975.89648438	32.7496147156
6977.50146484	32.5139884949
6979.11035156	31.3927974701
6980.71582031	30.5757198334
6982.32568359	31.0387611389
6983.93212891	32.2707633972
6985.53857422	33.1085357666
6987.14941406	33.1575698853
6988.75683594	33.3200035095
6990.36816406	33.1425971985
6991.9765625	33.167766571
6993.58886719	33.2229194641
6995.19775391	33.1279067993
6996.80712891	33.0773010254
6998.42041016	33.3639984131
7000.03027344	33.3255310059
7001.64453125	32.8098754883
7003.25537109	32.8521232605
7004.87011719	33.131477356
7006.48144531	32.9586906433
7008.09375	32.9926528931
7009.70947266	33.2565536499
7011.32226562	33.251625061
7012.93896484	33.2139511108
7014.55224609	33.3139419556
7016.16992188	33.0928459167
7017.78369141	32.0424499512
7019.3984375	32.1890220642
7021.01708984	33.3370857239
7022.63183594	33.6821556091
7024.25146484	33.07604599
7025.8671875	32.5717658997
7027.48730469	32.6650047302
7029.10449219	33.3896903992
7030.72119141	33.9662361145
7032.34277344	33.9844474792
7033.96044922	33.7639884949
7035.58203125	33.7736549377
7037.20117188	33.8308639526
7038.82373047	33.2764968872
7040.44287109	33.1034660339
7042.06640625	33.5733299255
7043.68652344	34.3900794983
7045.30664062	35.0265197754
7046.93164062	35.0763626099
7048.55273438	34.9604759216
7050.17773438	35.1051101685
7051.79980469	35.1469535828
7053.42578125	34.728302002
7055.04882812	33.8924255371
7056.671875	33.2264938354
7058.29882812	33.6017036438
7059.92285156	33.7320213318
7061.55078125	33.3697280884
7063.17529297	33.0362510681
7064.80371094	33.1556549072
7066.42919922	33.4402275085
7068.0546875	33.4700584412
7069.68457031	33.2680473328
7071.31103516	33.2258338928
7072.94140625	33.6077690125
7074.56884766	34.1675567627
7076.20019531	34.2780761719
7077.828125	34.4112167358
7079.45605469	34.6131973267
7081.08886719	34.5696029663
7082.71777344	34.3724861145
7084.35107422	33.9717445374
7085.98095703	32.8412132263
7087.61474609	32.3119049072
7089.24511719	32.4428138733
7090.87597656	32.3551063538
7092.51123047	32.2841796875
7094.14306641	32.7020378113
7095.77880859	32.8675575256
7097.41113281	33.0095863342
7099.04785156	32.9573478699
7100.68115234	33.0645751953
7102.31445312	33.3180084229
7103.95214844	33.2709960938
7105.58642578	32.810459137
7107.22509766	33.12865448
7108.86035156	33.3328781128
7110.49951172	33.1331634521
7112.13476562	32.7061424255
7113.77148438	32.4362602234
7115.41162109	32.7132530212
7117.04833984	33.2741317749
7118.68945312	33.2409439087
7120.32714844	33.3141860962
7121.96923828	33.3666763306
7123.60742188	33.0380744934
7125.24658203	33.1267585754
7126.88964844	32.9129142761
7128.52929688	32.3897666931
7130.17285156	32.0913696289
7131.81347656	31.7973423004
7133.45800781	31.3484745026
7135.09863281	31.7008533478
7136.74023438	32.425151825
7138.38574219	32.4490089417
7140.02832031	32.2515983582
7141.67480469	32.158744812
7143.31738281	32.1420593262
7144.96484375	32.3286323547
7146.60839844	32.1715812683
7148.25244141	31.3637924194
7149.90087891	29.9748935699
7151.54589844	30.0529403687
7153.19482422	32.2523841858
7154.84033203	32.8084602356
7156.49023438	33.0087394714
7158.13671875	32.9997291565
7159.78320312	32.8527755737
7161.43457031	32.6573066711
7163.08203125	32.5182723999
7164.73339844	32.4588851929
7166.38183594	32.0429382324
7168.03466797	32.3128356934
7169.68359375	32.8619117737
7171.33691406	33.3376045227
7172.98632812	33.6919708252
7174.63671875	33.6365318298
7176.29101562	33.2295722961
7177.94189453	32.9002113342
7179.59716797	32.8801422119
7181.24902344	32.8983230591
7182.90478516	32.6585540771
7184.55712891	32.6354408264
7186.20996094	33.6639022827
7187.8671875	32.999206543
7189.52050781	31.475484848
7191.17871094	31.1077213287
7192.83300781	32.283416748
7194.49169922	32.9367980957
7196.14648438	33.3262023926
7197.80224609	33.1498336792
7199.46191406	33.2688560486
7201.11816406	33.305809021
7202.77880859	32.4077453613
7204.43554688	31.5932922363
7206.09716797	32.2954368591
7207.75488281	32.4443817139
7209.41308594	31.544172287
7211.07519531	30.9932098389
7212.734375	31.9653148651
7214.39746094	33.167224884
7216.05712891	33.260559082
7217.72119141	33.3022766113
7219.38183594	33.361125946
7221.04248047	33.5174369812
7222.70751953	33.7318840027
7224.36914062	33.3466873169
7226.03515625	33.3665237427
7227.69726562	33.9642829895
7229.36425781	33.9165039062
7231.02734375	33.6199531555
7232.69091797	34.0896224976
7234.35839844	34.3817520142
7236.02294922	34.2572021484
7237.69140625	34.1361198425
7239.35644531	34.0041351318
7241.02587891	33.9054107666
7242.69140625	33.9059448242
7244.35791016	33.6733322144
7246.02832031	32.8644943237
7247.6953125	33.0498008728
7249.36669922	34.0097122192
7251.03417969	34.5449180603
7252.70654297	34.0199928284
7254.375	33.4271392822
7256.04394531	33.492931366
7257.71679688	34.0294876099
7259.38671875	34.3501205444
7261.06054688	34.1585540771
7262.73095703	33.6290512085
7264.40576172	33.1994476318
7266.07714844	33.7544631958
7267.74853516	34.2819671631
7269.42431641	34.7294158936
7271.09667969	34.9362983704
7272.7734375	34.7153625488
7274.44628906	34.6448516846
7276.12402344	34.6973075867
7277.79785156	34.6552352905
7279.47216797	34.4144935608
7281.15087891	34.349609375
7282.82568359	34.5453262329
7284.50488281	34.1265602112
7286.18115234	33.9697685242
7287.86132812	33.9902763367
7289.53759766	33.8758506775
7291.21484375	33.6279983521
7292.89599609	33.331867218
7294.57373047	32.9293746948
7296.25585938	33.4523010254
7297.93408203	34.5703163147
7299.6171875	34.9585418701
7301.29638672	34.6451950073
7302.97998047	34.5715560913
7304.66015625	34.6264152527
7306.34082031	34.3090896606
7308.02539062	34.1365432739
7309.70654297	34.0432548523
7311.39208984	33.9438285828
7313.07421875	34.079788208
7314.76074219	34.666469574
7316.44335938	34.7556877136
7318.12646484	34.8156738281
7319.81396484	34.3949699402
7321.49804688	34.1907424927
7323.18652344	35.0107269287
7324.87109375	35.1480865479
7326.56005859	33.6377258301
7328.24560547	32.2302246094
7329.93115234	32.9947738647
7331.62158203	34.6879234314
7333.30810547	34.8577537537
7334.99902344	34.5659675598
7336.68652344	35.0668258667
7338.37841797	35.2594528198
7340.06689453	34.9486808777
7341.75537109	34.9044532776
7343.44824219	35.2945365906
7345.13769531	34.593585968
7346.83154297	33.8762931824
7348.52148438	34.6660346985
7350.21630859	35.1098861694
7351.90722656	34.7417182922
7353.59814453	34.6087532043
7355.29394531	34.235332489
7356.98632812	33.5625953674
7358.68261719	32.7528038025
7360.37548828	33.2295875549
7362.07275391	34.2711219788
7363.76660156	34.0014572144
7365.46044922	33.2802696228
7367.15869141	34.0170402527
7368.85351562	34.4115905762
7370.55273438	34.6040153503
7372.24853516	34.8869895935
7373.94824219	35.0132217407
7375.64501953	35.0608863831
7377.34179688	35.1809043884
7379.04296875	35.3127784729
7380.74023438	35.624710083
7382.44238281	35.7404441833
7384.140625	35.2652053833
7385.84326172	34.8328323364
7387.54248047	34.2009010315
7389.2421875	33.6973152161
7390.94580078	33.4450454712
7392.64648438	33.6996612549
7394.35107422	34.4204101562
7396.05175781	34.7104415894
7397.7578125	35.029258728
7399.45947266	35.352230072
7401.16162109	34.3401298523
7402.86816406	33.2309303284
7404.57128906	34.1690483093
7406.27880859	35.3299293518
7407.98242188	35.4321212769
7409.69091797	35.1073989868
7411.39550781	34.2315559387
7413.10058594	33.7684326172
7414.81005859	34.484172821
7416.515625	34.2900428772
7418.22607422	34.0901298523
7419.93261719	34.3900146484
7421.64355469	34.6297111511
7423.35058594	34.3694229126
7425.05859375	34.0047836304
7426.77050781	34.5245513916
7428.47949219	35.3020591736
7430.19238281	35.7589225769
7431.90136719	35.5313873291
7433.61523438	35.1797790527
7435.32519531	35.3718261719
7437.04003906	35.4428215027
7438.75097656	35.6350593567
7440.46240234	35.8364677429
7442.17773438	35.1243133545
7443.89013672	34.3748321533
7445.60644531	34.6863021851
7447.31933594	34.0748062134
7449.03662109	34.0264930725
7450.75048828	34.8374671936
7452.46435547	35.3751983643
7454.18261719	35.461353302
7455.89794922	35.7218551636
7457.6171875	35.7831840515
7459.33251953	35.686290741
7461.05273438	35.7329216003
7462.76904297	34.7789421082
7464.48583984	33.5219841003
7466.20703125	33.9862594604
7467.92480469	35.6518440247
7469.64697266	36.1023406982
7471.36523438	35.6646461487
7473.08837891	35.3087730408
7474.80761719	35.3175086975
7476.52685547	35.421836853
7478.25097656	35.5866966248
7479.97167969	35.6021461487
7481.69628906	35.4745864868
7483.41748047	35.3988265991
7485.14306641	35.4796867371
7486.86523438	35.6604881287
7488.58740234	35.8053741455
7490.31445312	35.709564209
7492.03710938	35.0283966064
7493.76513672	34.6199226379
7495.48876953	34.3647117615
7497.21728516	33.7829093933
7498.94189453	34.3522453308
7500.66699219	35.6344604492
7502.39697266	36.1120796204
7504.12304688	35.8115539551
7505.85302734	35.5070228577
7507.58007812	35.4704704285
7509.31103516	34.9067955017
7511.03857422	34.5599822998
7512.76660156	33.794670105
7514.49902344	34.1122169495
7516.22753906	35.4184799194
7517.9609375	35.9809036255
7519.69042969	36.0254516602
7521.42431641	36.4020462036
7523.15478516	35.9083824158
7524.88525391	35.009185791
7526.62060547	34.7583084106
7528.35205078	35.2981185913
7530.08789062	35.3640785217
7531.8203125	35.3720169067
7533.55712891	35.0135498047
7535.29052734	35.3293609619
7537.02392578	36.0580444336
7538.76171875	36.0634117126
7540.49609375	36.1900482178
7542.23486328	36.0195045471
7543.97021484	35.9158058167
7545.70947266	35.9460449219
7547.4453125	35.9924621582
7549.18164062	35.9386901855
7550.92285156	35.7808074951
7552.65966797	35.9453620911
7554.40136719	36.2167549133
7556.13916016	35.7514953613
7557.88183594	35.1638717651
7559.62011719	35.6483154297
7561.359375	36.0453300476
7563.10302734	36.1158790588
7564.84277344	36.0347251892
7566.58740234	36.1641044617
7568.328125	36.1577262878
7570.07324219	35.5596733093
7571.81494141	35.3509063721
7573.56054688	35.8721466064
7575.30322266	36.0104980469
7577.04589844	35.9500312805
7578.79296875	36.0386924744
7580.53662109	36.1505241394
7582.28466797	36.0992889404
7584.02880859	35.7543106079
7585.77783203	34.8678512573
7587.52294922	34.2978591919
7589.26855469	34.5764770508
7591.01855469	35.2557983398
7592.76464844	35.5821456909
7594.515625	36.0338745117
7596.26269531	35.6411857605
7598.01416016	34.9480895996
7599.76220703	34.8838424683
7601.51074219	35.3040847778
7603.26367188	34.8471794128
7605.01269531	35.2151947021
7606.76611328	35.2511749268
7608.51611328	35.0038948059
7610.27050781	34.8526000977
7612.02148438	34.8904266357
7613.77246094	35.2963218689
7615.52832031	35.4118804932
7617.28027344	34.6259231567
7619.03710938	34.1649627686
7620.78955078	34.3583908081
7622.546875	34.4544754028
7624.30029297	35.0302810669
7626.0546875	36.2743911743
7627.81298828	36.0576171875
7629.56787109	35.5488548279
7631.32714844	35.5789375305
7633.08251953	35.5425376892
7634.84277344	35.7609214783
7636.59912109	35.8421630859
7638.35595703	35.8571395874
7640.1171875	35.6700019836
7641.875	35.5116615295
7643.63720703	35.8205413818
7645.39550781	36.0952148438
7647.15869141	35.1061096191
7648.91796875	36.1525840759
7650.67773438	35.9984207153
7652.44189453	34.7812805176
7654.20214844	35.8271331787
7655.96728516	35.0887947083
7657.72851562	34.4927215576
7659.49414062	34.4436950684
7661.25634766	33.5259170532
7663.01855469	32.9138183594
7664.78613281	33.6041221619
7666.54931641	30.2851924896
7668.31689453	30.6159763336
7670.08105469	33.8746261597
7671.84960938	35.5215415955
7673.61474609	35.1864128113
7675.37988281	35.7535743713
7677.14990234	35.6640205383
7678.91601562	35.3679847717
7680.68701172	35.5017547607
7682.45361328	35.2886428833
7684.22509766	35.0165557861
7685.99316406	35.5885429382
7687.76123047	35.4845428467
7689.53417969	35.4868927002
7691.30273438	35.3705863953
7693.07666016	34.9206008911
7694.84619141	34.6991767883
7696.62060547	35.2017288208
7698.39160156	34.8549766541
7700.16210938	32.1396980286
7701.93798828	31.4156208038
7703.70996094	33.5149154663
7705.48632812	35.6875572205
7707.25878906	35.4808082581
7709.03613281	35.2371673584
7710.80957031	34.7850074768
7712.58789062	34.3796005249
7714.36181641	34.0114173889
7716.13671875	33.3698425293
7717.91601562	32.9689788818
7719.69140625	34.7251548767
7721.47167969	34.8449134827
7723.24804688	34.6557502747
7725.02880859	34.5365829468
7726.80615234	34.5449790955
7728.58349609	34.9429092407
7730.36572266	35.1302261353
7732.14404297	35.4559516907
7733.92724609	35.513961792
7735.70654297	35.4563865662
7737.49023438	35.6136054993
7739.27001953	35.8905487061
7741.05078125	35.6769142151
7742.83544922	35.6459655762
7744.61669922	35.3126335144
7746.40283203	35.2293243408
7748.18505859	34.8975448608
7749.97167969	33.4553947449
7751.75439453	33.2915840149
7753.53759766	34.5887145996
7755.32568359	35.2742042542
7757.10986328	35.3357200623
7758.8984375	35.1769104004
7760.68359375	34.8811454773
7762.47314453	35.2658576965
7764.25878906	35.4721565247
7766.04492188	35.5917930603
7767.8359375	35.4916801453
7769.62255859	35.3236885071
7771.41455078	35.4498252869
7773.20214844	35.4820518494
7774.99462891	35.5743484497
7776.78320312	35.6032829285
7778.57226562	35.6796531677
7780.36621094	35.2972106934
7782.15576172	34.1067962646
7783.95068359	34.0512161255
7785.74121094	35.0012817383
7787.53662109	35.3847351074
7789.328125	35.0768013
7791.12011719	34.724105835
7792.91650391	34.7109260559
7794.70947266	34.7865562439
7796.50683594	35.4917602539
7798.30029297	35.1013298035
7800.09863281	34.6921424866
7801.89306641	34.9975128174
7803.68798828	35.1795730591
7805.48730469	35.431728363
7807.28320312	35.6687278748
7809.08349609	35.3066215515
7810.87988281	35.0200920105
7812.68115234	35.1595916748
7814.47851562	35.3583526611
7816.27587891	35.9037437439
7818.07861328	35.9958305359
7819.87695312	35.5196418762
7821.68017578	34.9557762146
7823.47949219	34.7071990967
7825.28369141	34.8493461609
7827.08398438	35.2525978088
7828.88427734	35.2038917542
7830.68994141	35.0291175842
7832.49121094	34.9307365417
7834.29736328	34.526889801
7836.09960938	33.6811790466
7837.90673828	33.866104126
7839.70996094	34.3095321655
7841.51318359	35.0092582703
7843.32128906	35.4141159058
7845.12597656	35.3942108154
7846.93505859	35.5047454834
7848.74023438	35.6853675842
7850.54980469	35.1481437683
7852.35595703	34.743812561
7854.16650391	34.6320037842
7855.97363281	34.5576820374
7857.78076172	34.5051307678
7859.59277344	34.8054542542
7861.40087891	35.1292419434
7863.21386719	34.9891319275
7865.02246094	35.1742324829
7866.83642578	35.7640228271
7868.64599609	35.7509422302
7870.45605469	35.3557090759
7872.27099609	35.3652496338
7874.08203125	35.6939277649
7875.89794922	35.6397171021
7877.70996094	35.2260513306
7879.52636719	35.1857948303
7881.33886719	35.2955513
7883.15234375	35.5036811829
7884.96972656	35.5616874695
7886.78369141	35.587638855
7888.60253906	35.4213752747
7890.41748047	35.0059814453
7892.23681641	35.5842590332
7894.05224609	35.4281158447
7895.86816406	35.3499069214
7897.68945312	35.4476737976
7899.50585938	35.4697723389
7901.32763672	35.4311752319
7903.14550781	35.3009223938
7904.96777344	35.3384513855
7906.78613281	35.5872383118
7908.60546875	35.5140914917
7910.42919922	34.9501609802
7912.24853516	34.4074668884
7914.07324219	34.2010765076
7915.89404297	33.9829978943
7917.71923828	34.0131721497
7919.54101562	34.213558197
7921.36279297	34.5081214905
7923.18945312	34.8666992188
7925.01220703	34.8064994812
7926.83935547	34.8845481873
7928.66308594	35.020362854
7930.49121094	34.7499046326
7932.31591797	34.3658256531
7934.140625	34.6800498962
7935.97021484	34.9712028503
7937.79589844	34.2270545959
7939.62646484	33.539352417
7941.45263672	33.8308830261
7943.28417969	34.5046730042
7945.11132812	34.1557426453
7946.93896484	33.3242607117
7948.77197266	32.813041687
7950.60058594	33.7760124207
7952.43359375	34.7710762024
7954.26318359	35.0095863342
7956.09765625	35.3266029358
7957.92773438	34.9125289917
7959.75830078	34.661403656
7961.59375	34.8003501892
7963.42529297	34.5139465332
7965.26171875	34.0653495789
7967.09423828	34.6070098877
7968.93164062	34.8721847534
7970.76464844	35.0676689148
7972.59814453	35.5106277466
7974.43701172	35.5399475098
7976.27148438	35.2720413208
7978.11083984	35.3782577515
7979.94580078	34.3680152893
7981.78613281	34.4924278259
7983.62207031	35.079158783
7985.45898438	35.3637962341
7987.30029297	35.6174964905
7989.13769531	36.2582092285
7990.97998047	35.9685707092
7992.81835938	36.1005706787
7994.66162109	36.6079330444
7996.50048828	36.7230110168
7998.34472656	36.0259284973
8000.18457031	35.0675468445
8002.02539062	35.1358108521
8003.87060547	35.8484916687
8005.71142578	36.4357147217
8007.55761719	36.1453285217
8009.39990234	35.4651908875
8011.24707031	35.5428161621
8013.08984375	35.290096283
8014.93310547	35.2079849243
8016.78125	35.4600448608
8018.62548828	35.7430686951
8020.47460938	35.8457260132
8022.31982422	35.788269043
8024.16992188	35.4186172485
8026.015625	35.1614303589
8027.86230469	34.322467804
8029.71337891	33.5456199646
8031.56054688	34.0140686035
8033.41259766	35.6237297058
8035.26074219	35.8777809143
8037.11376953	35.6680603027
8038.96240234	35.6788291931
8040.81201172	35.7172622681
8042.66601562	35.5647506714
8044.51611328	35.3376350403
8046.37109375	34.8251571655
8048.22216797	33.7840919495
8050.078125	33.8040504456
8051.93017578	34.5771827698
8053.78271484	35.1980628967
8055.63964844	35.4966049194
8057.49316406	35.4946212769
8059.35107422	35.6000061035
8061.20507812	35.6422958374
8063.06396484	35.5320892334
8064.91894531	35.4209480286
8066.77392578	35.503162384
8068.63427734	35.5501098633
8070.49023438	35.0738067627
8072.3515625	34.6518058777
8074.20849609	34.7442626953
8076.0703125	34.9810829163
8077.92822266	34.8423309326
8079.78662109	35.4560508728
8081.64990234	35.4036102295
8083.50878906	35.2176780701
8085.37304688	34.8074111938
8087.23291016	34.2780799866
8089.09814453	34.4767456055
8090.95898438	35.2291755676
8092.8203125	34.9944229126
8094.68652344	34.5188865662
8096.54833984	34.3297386169
8098.41552734	34.4589233398
8100.27880859	34.7213363647
8102.14648438	34.7729492188
8104.01025391	35.225982666
8105.87451172	35.6354637146
8107.74414062	35.5633010864
8109.60888672	35.2812004089
8111.47900391	35.3915557861
8113.34521484	35.3351783752
8115.21630859	35.3144111633
8117.08300781	34.8445854187
8118.95019531	34.397644043
8120.82275391	34.6151008606
8122.69091797	35.3333091736
8124.56396484	35.6834869385
8126.43261719	35.7331771851
8128.30664062	35.3741340637
8130.17675781	35.3630332947
8132.05126953	35.5993347168
8133.92236328	35.0360183716
8135.79345703	34.9294433594
8137.66943359	34.9596176147
8139.54150391	35.2551689148
8141.41845703	35.4132423401
8143.29150391	35.1981658936
8145.16943359	35.0557136536
8147.04296875	35.2420082092
8148.91748047	34.9954452515
8150.79638672	34.8208122253
8152.67138672	35.258190155
8154.55126953	35.7882118225
8156.42724609	35.4499320984
8158.30810547	35.49584198
8160.18505859	35.631729126
8162.0625	35.456401825
8163.94433594	35.0600013733
8165.82275391	34.9605979919
8167.70556641	35.4297447205
8169.58447266	35.4062957764
8171.46826172	35.2972755432
8173.34814453	35.1972961426
8175.22851562	35.2862701416
8177.11376953	35.4585075378
8178.99511719	35.3525047302
8180.88085938	35.3051795959
8182.76318359	34.4679374695
8184.64990234	31.7747020721
8186.53271484	30.6895160675
8188.41601562	32.6800804138
8190.30419922	34.2070121765
8192.18847656	34.8888473511
8194.07714844	34.5551147461
8195.96289062	31.1142845154
8197.85253906	29.0713996887
8199.73828125	31.3799667358
8201.625	34.0407867432
8203.515625	34.5974845886
8205.40332031	34.8111381531
8207.29589844	34.6461601257
8209.18359375	34.4828796387
8211.07617188	34.699508667
8212.96582031	34.7991943359
8214.85449219	34.0879440308
8216.74902344	34.0871391296
8218.63964844	34.7117424011
8220.53417969	34.509475708
8222.42578125	33.4171180725
8224.32226562	33.5150718689
8226.21386719	34.9818649292
8228.10644531	35.365978241
8230.00390625	34.951210022
8231.89648438	34.6721076965
8233.79492188	34.8198165894
8235.68945312	34.9968070984
8237.58886719	35.1546554565
8239.48339844	34.8900985718
8241.37890625	34.8582611084
8243.27929688	35.1239624023
8245.17578125	35.2810592651
8247.07714844	35.1374015808
8248.97460938	35.102722168
8250.87695312	34.8163108826
8252.77441406	35.0626411438
8254.67285156	35.4256515503
8256.57714844	35.280670166
8258.4765625	34.9603347778
8260.38085938	35.0218009949
8262.28125	35.6537322998
8264.18652344	35.896522522
8266.08691406	35.6966018677
8267.98925781	35.4432220459
8269.89550781	35.2735900879
8271.79785156	35.4044456482
8273.70507812	35.5810089111
8275.60839844	35.2314720154
8277.51660156	34.8995018005
8279.42089844	34.9934425354
8281.33007812	34.978515625
8283.23535156	34.9391975403
8285.14160156	35.046546936
8287.05175781	35.2435646057
8288.95800781	34.7842216492
8290.86914062	34.1071815491
8292.77734375	34.6662483215
8294.68945312	34.3681259155
8296.59765625	34.092338562
8298.50585938	34.208732605
8300.41992188	34.9166679382
8302.32910156	35.7216567993
8304.24316406	35.7056236267
8306.15429688	35.7754631042
8308.06933594	35.180721283
8309.98046875	35.0083770752
8311.89257812	35.127746582
8313.80859375	35.3192520142
8315.72167969	36.0595283508
8317.63964844	36.0272026062
8319.55273438	35.3277626038
8321.47070312	35.0467567444
8323.38574219	35.0324134827
8325.29980469	34.8493461609
8327.21972656	34.309047699
8329.13574219	32.1641731262
8331.05664062	32.436126709
8332.97265625	33.7460212708
8334.89453125	33.8637695312
8336.81152344	33.4583892822
8338.72949219	34.8196296692
8340.65234375	34.0765342712
8342.57128906	33.1656532288
8344.49511719	33.3327865601
8346.41503906	33.7278900146
8348.33984375	33.4261550903
8350.25976562	33.0696983337
8352.18066406	33.6762237549
8354.10742188	33.8064079285
8356.02929688	34.5068206787
8357.95605469	34.9854621887
8359.87890625	34.6012992859
8361.80664062	34.5516204834
8363.72949219	34.1760139465
8365.65429688	33.4262619019
8367.58300781	33.350402832
8369.5078125	34.2409667969
8371.4375	35.1739349365
8373.36425781	34.9910049438
8375.29492188	34.8113212585
8377.22167969	34.6770133972
8379.1484375	34.3118515015
8381.08105469	33.8448829651
8383.00878906	33.3696708679
8384.94238281	32.8129844666
8386.87109375	32.8236503601
8388.8046875	32.1559448242
8390.734375	32.143699646
8392.66503906	33.0888671875
8394.60058594	34.1254653931
8396.53125	34.3182563782
8398.46777344	33.4619941711
8400.39941406	33.3212394714
8402.33691406	33.4464492798
8404.26953125	33.7755279541
8406.203125	34.4625968933
8408.14160156	35.0182151794
8410.07617188	34.9566574097
8412.015625	34.8900489807
8413.95019531	34.1875038147
8415.890625	33.5798568726
8417.82714844	33.9266929626
8419.76367188	34.5280380249
8421.70507812	34.3040504456
8423.64257812	34.2323760986
8425.58496094	34.3471069336
8427.5234375	33.6281700134
8429.46679688	32.3895530701
8431.40527344	32.8097343445
8433.34960938	33.8704452515
8435.29003906	33.2098083496
8437.23046875	31.6479454041
8439.17578125	31.5613193512
8441.1171875	33.1455917358
8443.06445312	33.7440185547
8445.00585938	34.5026512146
8446.95410156	34.7570343018
8448.89648438	34.6757965088
8450.84082031	34.4227714539
8452.7890625	34.1072616577
8454.734375	34.071269989
8456.68359375	34.5906524658
8458.62890625	34.3655281067
8460.57910156	34.8357315063
8462.52539062	34.9745445251
8464.47265625	34.1470718384
8466.42480469	34.2194671631
8468.37207031	33.1307563782
8470.32519531	31.67827034
8472.2734375	32.2365493774
8474.22753906	34.0724029541
8476.17675781	35.2435035706
8478.12695312	35.375289917
8480.08203125	34.8667526245
8482.03222656	34.7363090515
8483.98828125	34.4691200256
8485.94042969	34.4828186035
8487.89746094	35.0058708191
8489.84960938	34.9851303101
8491.80273438	34.6968612671
8493.76074219	34.5146636963
8495.71484375	34.6544036865
8497.67382812	32.6713371277
8499.62890625	28.4847621918
8501.58886719	27.5244140625
8503.54492188	31.1335678101
8505.50097656	33.3062438965
8507.46191406	34.1299781799
8509.41992188	34.4061737061
8511.38183594	34.5578079224
8513.33984375	34.8724594116
8515.30273438	33.4180679321
8517.26171875	32.1287841797
8519.22070312	32.5282402039
8521.18554688	33.6149940491
8523.14648438	34.1956825256
8525.11132812	34.7090263367
8527.07226562	34.4757843018
8529.0390625	34.0231246948
8531.00097656	34.1000785828
8532.96386719	34.3069839478
8534.93164062	34.0906181335
8536.89453125	33.6961212158
8538.86328125	32.7796134949
8540.828125	30.4629688263
8542.796875	25.7999954224
8544.76269531	22.1427230835
8546.72851562	23.7046718597
8548.69921875	29.4819545746
8550.66601562	31.7682342529
8552.63769531	32.8087844849
8554.60449219	33.5784645081
8556.57714844	33.896484375
8558.54589844	33.8928604126
8560.51464844	34.3120193481
8562.48925781	34.6145324707
8564.45898438	34.619594574
8566.43359375	34.8163871765
8568.40429688	34.9936676025
8570.37988281	34.7898750305
8572.3515625	34.5461959839
8574.32421875	34.6307601929
8576.30078125	34.8530654907
8578.27441406	34.9184570312
8580.25195312	34.8731842041
8582.22558594	34.7403640747
8584.20507812	34.3355445862
8586.1796875	34.1757621765
8588.16015625	34.3300666809
8590.13574219	34.5314254761
8592.11132812	34.5926322937
8594.09277344	34.4185523987
8596.0703125	34.0183258057
8598.05273438	33.7905654907
8600.03027344	33.6647949219
8602.01367188	33.8670158386
8603.9921875	34.308681488
8605.97167969	34.6560897827
8607.95605469	34.6806373596
8609.93652344	34.4078483582
8611.921875	34.1436195374
8613.90332031	33.2196044922
8615.88964844	32.8383140564
8617.87109375	33.7538871765
8619.85351562	34.0562782288
8621.84179688	33.8030395508
8623.82519531	33.5154533386
8625.81347656	33.6447944641
8627.79785156	34.0020942688
8629.78808594	34.2629394531
8631.77246094	34.4077644348
8633.75878906	34.0165481567
8635.75	33.8379592896
8637.73632812	33.94480896
8639.72851562	34.1518363953
8641.71582031	34.3348083496
8643.70800781	34.4340591431
8645.69726562	34.2345848083
8647.68554688	34.1354217529
8649.6796875	33.9059486389
8651.66992188	33.4980125427
8653.66503906	33.307472229
8655.65527344	33.5820274353
8657.65136719	33.0358772278
8659.64355469	32.2224502563
8661.63574219	29.7727470398
8663.6328125	25.255109787
8665.62597656	22.5422058105
8667.62402344	27.3351745605
8669.61816406	31.6531105042
8671.6171875	32.9203033447
8673.61230469	33.3809623718
8675.60742188	33.1513557434
8677.60839844	32.1839981079
8679.60449219	32.9566230774
8681.60546875	33.8089752197
8683.60351562	33.648651123
8685.60546875	33.7299194336
8687.60351562	33.7530632019
8689.60253906	32.3084526062
8691.60546875	29.974067688
8693.60546875	31.4032745361
8695.61035156	33.2605934143
8697.61035156	34.1487541199
8699.61621094	34.0823745728
8701.6171875	33.5921707153
8703.61914062	33.4450645447
8705.62597656	33.9983100891
8707.62890625	34.3023872375
8709.63671875	34.3527488708
8711.640625	34.0571556091
8713.64941406	33.4230422974
8715.65429688	33.1529464722
8717.65917969	33.7664794922
8719.66992188	34.0236549377
8721.67578125	34.0408325195
8723.68652344	34.1798248291
8725.69335938	34.3934135437
8727.70507812	34.3601760864
8729.71289062	34.3440818787
8731.72167969	33.9193992615
8733.73535156	34.1445426941
8735.74414062	34.0424613953
8737.75878906	32.9521598816
8739.76855469	33.1582489014
8741.78417969	33.9113731384
8743.79492188	33.9697380066
8745.81152344	34.1706314087
8747.82324219	34.3532600403
8749.8359375	34.0220069885
8751.85351562	33.9025497437
8753.8671875	33.8023262024
8755.88574219	33.9404792786
8757.90039062	33.5570755005
8759.91992188	33.3965911865
8761.93457031	34.1194572449
8763.95019531	34.1452102661
8765.97167969	33.0114707947
8767.98828125	32.2127227783
8770.00976562	34.3608398438
8772.02734375	36.144443512
8774.04980469	34.3847160339
8776.06835938	33.4196510315
8778.08789062	34.3517608643
8780.11132812	35.0651550293
8782.13183594	35.3954162598
8784.15625	35.4671211243
8786.17773438	35.4575157166
8788.203125	35.6294059753
8790.22558594	34.3095932007
8792.24707031	33.6921615601
8794.27539062	33.1252746582
8796.29785156	32.8321914673
8798.32617188	33.3671112061
8800.35058594	33.7491455078
8802.37988281	34.4065818787
8804.40429688	34.0347099304
8806.43066406	32.1779403687
8808.4609375	29.6289043427
8810.48730469	28.9657783508
8812.51953125	32.4941940308
8814.546875	33.86195755
8816.57910156	34.1892852783
8818.60742188	34.0479469299
8820.63574219	33.9799804688
8822.66992188	33.9427871704
8824.69921875	32.9344940186
8826.734375	32.8635368347
8828.765625	33.0089988708
8830.80078125	33.19739151
8832.83203125	33.3187561035
8834.86425781	33.4342079163
8836.90234375	33.7641296387
8838.93457031	32.9145774841
8840.97265625	32.6323013306
8843.00683594	33.058681488
8845.04589844	33.6257095337
8847.08105469	33.8957862854
8849.11621094	33.8263053894
8851.15625	33.6337623596
8853.19335938	33.9502983093
8855.234375	34.2205047607
8857.27148438	34.1456794739
8859.31445312	34.0372467041
8861.3515625	34.1537857056
8863.390625	33.6613922119
8865.43457031	33.3596763611
8867.47363281	32.9002456665
8869.51855469	32.2643814087
8871.55957031	32.2590713501
8873.60449219	33.4656486511
8875.64648438	33.8459854126
8877.68847656	34.0080413818
8879.73535156	34.0168800354
8881.77832031	33.9297294617
8883.82617188	33.8933563232
8885.87011719	33.8318023682
8887.91894531	33.7796478271
8889.96386719	33.7274971008
8892.00878906	33.6706352234
8894.05957031	33.6187171936
8896.10546875	33.567150116
8898.15625	33.5011329651
8900.20410156	33.5163078308
8902.25585938	33.4676780701
8904.30371094	33.4980010986
8906.35742188	33.5268821716
8908.40625	33.46849823
8910.45605469	33.5756835938
8912.51074219	33.6021308899
8914.56054688	33.6451835632
8916.61621094	33.6939277649
8918.66796875	33.7342643738
8920.72460938	33.779800415
8922.77636719	33.8247528076
8924.82910156	33.8631286621
8926.88671875	33.9213562012
8928.94042969	33.943977356
8931.0	34.0004081726
8933.0546875	34.0678443909
8935.11425781	33.8910140991
8937.16992188	33.9004173279
8939.22558594	33.9654159546
8941.28710938	33.7643890381
8943.34375	32.9583969116
8945.40625	31.8750667572
8947.46386719	31.7206096649
8949.52734375	32.0293045044
8951.5859375	32.9780082703
8953.64550781	33.3911094666
8955.70996094	33.3161506653
8957.77050781	33.4836273193
8959.8359375	33.5299377441
8961.89746094	33.6297836304
8963.96386719	33.7045097351
8966.02636719	33.8020935059
8968.08886719	33.8802871704
8970.15722656	33.8979721069
8972.22070312	33.9101676941
8974.2890625	33.5101394653
8976.35351562	33.3877487183
8978.42382812	33.1391601562
8980.48925781	33.2508010864
8982.55566406	33.9669303894
8984.62695312	33.7247848511
8986.69335938	33.8524971008
8988.765625	33.2976226807
8990.83398438	32.0328063965
8992.90722656	30.5589179993
8994.97558594	31.2310771942
8997.04492188	37.1098937988
8999.12011719	39.5221176147
9001.18945312	35.7887153625
9003.265625	31.3612823486
9005.33691406	30.2546882629
9007.41308594	31.5577411652
9009.48535156	31.331949234
9011.55859375	30.2146263123
9013.63671875	30.2856864929
9015.70996094	31.2558784485
9017.7890625	30.7455444336
9019.86328125	28.9738616943
9021.94335938	30.9565353394
9024.01855469	31.3658180237
9026.09472656	29.4388103485
9028.17578125	28.9653339386
9030.25292969	30.6330490112
9032.33496094	32.0311470032
9034.41308594	32.3055381775
9036.49707031	33.5752906799
9038.57519531	34.2732086182
9040.65429688	34.7271461487
9042.73925781	34.4542312622
9044.81933594	33.4483108521
9046.90527344	34.1492347717
9048.98632812	33.7733650208
9051.07324219	33.3544998169
9053.15527344	33.6379623413
9055.23828125	33.9027061462
9057.32617188	33.6929740906
9059.41015625	34.2978210449
9061.49902344	33.9994659424
9063.58398438	33.3991928101
9065.67382812	33.4470710754
9067.75976562	33.8444595337
9069.85058594	33.6754264832
9071.93652344	33.192817688
9074.0234375	33.9485435486
9076.11621094	33.8760490417
9078.20410156	33.6530265808
9080.29785156	33.3603401184
9082.38671875	32.8179893494
9084.48046875	33.5681266785
9086.5703125	34.1137962341
9088.66113281	32.83177948
9090.75683594	31.052740097
9092.84863281	30.8586902618
9094.9453125	32.4022941589
9097.03710938	33.0017471313
9099.13476562	33.5606193542
9101.22851562	33.1754722595
9103.32226562	32.8754119873
9105.42089844	32.9841995239
9107.515625	32.9951629639
9109.61621094	33.1725158691
9111.71191406	33.4899749756
9113.8125	33.1569061279
9115.90917969	33.4056777954
9118.00683594	33.6415786743
9120.109375	32.7024765015
9122.20703125	32.4947013855
9124.31054688	33.4490661621
9126.41015625	33.2886123657
9128.51464844	33.4041137695
9130.61425781	33.9050712585
9132.71484375	33.7249336243
9134.82128906	33.7663459778
9136.921875	33.4584388733
9139.02929688	33.2466201782
9141.13183594	33.2373352051
9143.23925781	33.0302238464
9145.34277344	32.5292930603
9147.44726562	32.5646209717
9149.55664062	32.5936927795
9151.66113281	32.7434768677
9153.77148438	32.841003418
9155.87695312	32.8798942566
9157.98828125	32.8972930908
9160.09570312	32.6803741455
9162.203125	32.9289932251
9164.31542969	32.8959388733
9166.42382812	32.8664932251
9168.53710938	33.0341377258
9170.64648438	32.9581565857
9172.76171875	32.2509269714
9174.87109375	32.2807426453
9176.98242188	32.3784675598
9179.09863281	32.4909248352
9181.20996094	32.55311203
9183.32714844	32.5035896301
