0033
0077
0120
0147
0317
0329
0522
0544
0569
0578
0740
0773
0777
0859
0925
1118
1144
1145
1279
1351
693
1581
2726
3302
6530
6706
10982
11443
11973
12140
15798
16432
16538
17943
19107
22805
23324
23338
26015
27397
SAO 093870
27808b
27836
SAO 076564
SAO 076593b
1543 30652
1892
1931
2107
5953
5993
6165
6212
6655
6955
6962
7121
7557
7906
8622
8728
37018
37468
40535
143275
144470
149438
150680
162570
170878
171130
175191
187642
196867
214680
216956
F7 V
F9 V
F2 V
F6 V
Al V
F7 IV
B9.5 V
F6 IV
FO V
A6 V
F4 IV
A7 V
F4 V
kl IV
A8 V
A2 IV
B8 V
B6 IV
F3 V
A9 IV
F9 V
F8 V
Gl V
F5 V
F8 V
F6 V
Bl V
09.5 V
F2 IV
BO IV
Bl V
B0 V
GO IV
A9 V
A2 V
A2 V
B2.5 V
kl IV-V
B9 IV
09 V
A3 V
.201
.154
.326
.268
.534
.260
.519
.237
.378
.455
.255
.466
.229
.449
.446
.518
.409
.370
.308
.379
.172
.200
.085
.257
.206
.232
.221
.169
.379
.205
.221
.206
.140
.387
.476
.555
.293
.420
.473
.172
.501
.135
.227
.069
.120
.009
.110
.009
.141
.069
.040
.107
.025
.133
.040
.030
.022
.015
.010
.086
.072
.178
.148
.268
.111
.194
.124
.007
-.004
.058
.003
.008
.004
.271
.054
.027
.003
.004
.037
.012
-.005
.028
.062
.078
.043
.045
.011
.045
.017
.049
.055
.021
.053
.041
.052
.030
.016
.011
.022
.008
.054
.045
.069
.100
.138
.061
.089
.073
.013
.009
.034
-.004
-.003
.006
.092
.045
.029
.012
.005
.030
.007
-.020
.027
.505
.527
.350
.488
.064
.474
-.008
.442
.301
.214
.487
.262
.497
.294
.234
.092
-.010
.001
.441
.308
.464
.448
.459
.464
.439
.388
.018
.010
.421
.003
.020
.005
.529
.229
.104
.081
.012
.259
.030
.011
.136
.188
.127
.309
.213
.499
.212
.470
.177
.327
.418
.227
.427
.200
.411
.409
.481
.378
.326
.261
.327
.136
.159
.082
.224
.160
.205
.183
.133
.342
.160
.183
.159
.081
.355
.440
.504
.259
.377
.435
.118
.461
.084
-.058
.253
.146
.439
.163
.354
.151
.329
.351
.161
.427
.118
.371
.341
.443
.249
.210
.179
.305
-.047
.006
-.087
.115
-.022
.119
-.145
-.217
.335
-.161
-.127
-.215
-.036
.405
.468
.379
-.002
.320
.364
-.187
.375